2e-06 
2.7163118256197708e-06 
1.2566616936903668e-07 
5.24154616732088e-06 
1.4961523373996246e-06 
2.6986567425872476e-06 
1.210106866987993e-06 
3.041947279226447e-06 
8.71699647860239e-06 
5.96472618568791e-06 
4.469068753812227e-07 
1.01056677639606e-06 
2.2283368546780172e-06 
3.7508082120161227e-06 
7.127142006199628e-07 
2.7495528956732093e-06 
3.5508258026602297e-06 
1.2458703777927187e-06 
1.298712385231534e-06 
1.4033962948978002e-06 
4.60402175351352e-06 
2.1975583793926407e-06 
3.816357977370564e-08 
2.5242657542084156e-06 
3.5095782066050214e-06 
2.9295121920956874e-06 
8.106337913872192e-07 
2.2004322716311243e-07 
4.198628611955309e-08 
1.273450648240314e-06 
1.9153431858957674e-06 
4.587811686400798e-06 
5.132878921128744e-06 
2.896678761837966e-06 
1.1107685179978119e-07 
1.5605217240577786e-06 
2.9728427129753556e-06 
3.7076259131884027e-06 
2.269618049692566e-06 
1.5214342843648796e-06 
8.03480456024169e-07 
1.1380346428552673e-05 
8.273844283828081e-07 
6.250161317648199e-06 
3.39953516802882e-06 
3.3102155732148115e-06 
3.2297793052553383e-06 
5.623210585794589e-07 
7.558557558745531e-08 
4.943962256827121e-06 
2.1168511940212838e-07 
4.019023946911769e-08 
5.5113670116932965e-08 
9.088079675405145e-07 
4.569851783371934e-06 
1.1584580616918006e-06 
2.718744698727455e-06 
1.691123299520148e-06 
3.057216041732872e-06 
6.342581400581556e-08 
2.270416220968552e-06 
3.86792199261824e-07 
2.4542964653792784e-07 
5.194284021083102e-07 
7.490989146229209e-07 
1.0095975839939718e-06 
7.921416605106671e-07 
9.310099761660669e-07 
1.3244205959574946e-06 
2.943666667800312e-06 
1.638166134747166e-07 
7.570022190190263e-07 
2.6649183884334957e-06 
4.413035068824683e-06 
1.7138574045351206e-06 
1.019010585435753e-06 
7.277415791252651e-07 
3.6235517363604915e-06 
1.1402423676291195e-06 
1.2584912209933098e-06 
7.079327683027143e-07 
7.149039539132322e-07 
2.6647137767088294e-06 
1.2432484370535806e-06 
2.77789936316385e-07 
8.888140490751775e-07 
1.6379689844882497e-06 
4.078959861018766e-06 
6.81267227949143e-07 
5.5938606804229706e-06 
8.860238522618286e-07 
1.2510990707573379e-06 
1.65201890219309e-07 
3.373560549920677e-06 
3.927789275068453e-06 
1.6291230779820078e-07 
1.8343169171557082e-06 
1.1137706376319906e-07 
2.6067942298449915e-06 
1.6428672038952098e-06 
3.6957429904885694e-06 
1.806968906904505e-06 
1.3659810016868776e-07 
1.2959338521589393e-06 
1.8696884375743078e-06 
5.038858196633991e-07 
3.479736174136229e-06 
2.18645903790324e-06 
4.38075486842233e-06 
5.5303050398828075e-08 
1.8661692020128987e-06 
1.0263996049980192e-06 
5.1158539940198144e-08 
1.5026537635114314e-07 
2.7229071325690737e-07 
4.099845568745144e-06 
3.585573997185821e-08 
3.5784982530679264e-08 
6.3134929786308315e-06 
1.2940573988913655e-06 
2.876519082863776e-06 
1.6240889353459848e-06 
3.5013909861916657e-07 
1.7158073222406844e-06 
9.993681161046948e-08 
9.923588252886253e-07 
4.09534543515155e-07 
3.01233543661846e-07 
1.6531163588603963e-06 
9.737129444612525e-07 
3.3603356329558364e-06 
1.3876845965620092e-06 
1.6216357580359137e-06 
3.734456071022656e-07 
1.7925332595737757e-06 
5.297440619088832e-06 
1.1316755928897218e-06 
1.7245694091849239e-06 
8.074549756573546e-07 
3.8815457833995517e-07 
5.8272714944705525e-06 
1.687480784833481e-06 
1.5676064559421542e-06 
2.7165956053459775e-08 
2.7825840657656055e-06 
3.1569752411404824e-07 
3.0575601867905076e-07 
2.9378328187094873e-07 
2.995867026006019e-07 
1.5410744925825011e-06 
2.320854759607225e-06 
3.0492565150387214e-06 
2.018627594751528e-06 
1.8432096770909619e-07 
7.095678457615041e-07 
2.627723916761549e-07 
1.7659881817996456e-06 
1.0376780453054178e-06 
7.070131113204358e-07 
5.896066189507128e-06 
1.822118044507582e-06 
3.0299566934304017e-06 
5.197608352624503e-06 
4.5005406143166996e-07 
3.4087066498803337e-07 
2.413822545268495e-07 
1.8374131727409036e-06 
3.706692531563247e-06 
5.716353448907021e-07 
1.672725269319293e-06 
1.0306992631942212e-06 
4.458252103722665e-06 
1.7523239213575212e-06 
2.0029689220760033e-06 
2.6965237003437615e-06 
2.1342552678424313e-07 
4.39524509281985e-06 
1.2821389686203176e-07 
1.2956518303894987e-07 
4.081812273907249e-07 
9.016789198415428e-07 
1.2464499131035874e-06 
5.49190920721619e-06 
8.980562746830769e-07 
2.9222101835828878e-06 
3.66950133026403e-07 
1.377960831523034e-06 
1.1197468311061997e-06 
1.8864040133819071e-06 
3.5307258659158663e-06 
3.2895651878990694e-06 
1.2571840908935866e-06 
2.3266066757630933e-06 
6.658062079670945e-07 
3.9519497656796e-06 
5.132536932539488e-07 
4.1328703051424994e-07 
4.7295032296529524e-08 
2.2029144008946432e-06 
4.147335028524003e-07 
3.6531576257837303e-06 
