1.5e-06 
2.0372338692148284e-06 9.424962702677751e-08 3.93115962549066e-06 1.1221142530497185e-06 2.023992556940436e-06 9.075801502409948e-07 2.2814604594198356e-06 6.5377473589517924e-06 4.473544639265933e-06 3.3518015653591706e-07 
7.57925082297045e-07 1.6712526410085131e-06 2.8131061590120925e-06 5.345356504649721e-07 2.062164671754907e-06 2.6631193519951726e-06 9.344027833445391e-07 9.740342889236507e-07 1.0525472211733501e-06 3.4530163151351405e-06 
1.6481687845444806e-06 2.8622684830279234e-08 1.893199315656312e-06 2.632183654953766e-06 2.197134144071766e-06 6.079753435404145e-07 1.6503242037233433e-07 3.148971458966482e-08 9.550879861802355e-07 1.4365073894218257e-06 
3.4408587648005985e-06 3.849659190846558e-06 2.1725090713784746e-06 8.330763884983589e-08 1.1703912930433341e-06 2.229632034731517e-06 2.780719434891302e-06 1.7022135372694245e-06 1.1410757132736597e-06 6.026103420181268e-07 
8.535259821414506e-06 6.205383212871061e-07 4.6876209882361495e-06 2.549651376021615e-06 2.482661679911109e-06 2.422334478941504e-06 4.217407939345942e-07 5.6689181690591494e-08 3.7079716926203412e-06 1.587638395515963e-07 
3.014267960183827e-08 4.133525258769973e-08 6.81605975655386e-07 3.427388837528951e-06 8.688435462688506e-07 2.0390585240455915e-06 1.2683424746401112e-06 2.2929120312996542e-06 4.7569360504361675e-08 1.702812165726414e-06 
2.9009414944636803e-07 1.8407223490344588e-07 3.8957130158123265e-07 5.618241859671906e-07 7.57198187995479e-07 5.941062453830004e-07 6.982574821245502e-07 9.93315446968121e-07 2.2077500008502345e-06 1.2286246010603744e-07 
5.677516642642697e-07 1.998688791325122e-06 3.309776301618512e-06 1.2853930534013406e-06 7.642579390768147e-07 5.458061843439489e-07 2.7176638022703687e-06 8.551817757218397e-07 9.438684157449825e-07 5.309495762270358e-07 
5.361779654349242e-07 1.9985353325316223e-06 9.324363277901854e-07 2.0834245223728874e-07 6.666105368063831e-07 1.2284767383661872e-06 3.059219895764075e-06 5.109504209618574e-07 4.195395510317228e-06 6.645178891963714e-07 
9.383243030680035e-07 1.2390141766448175e-07 2.530170412440508e-06 2.9458419563013404e-06 1.2218423084865059e-07 1.3757376878667813e-06 8.353279782239931e-08 1.9550956723837437e-06 1.2321504029214074e-06 2.771807242866427e-06 
1.355226680178379e-06 1.0244857512651582e-07 9.719503891192045e-07 1.402266328180731e-06 3.779143647475494e-07 2.609802130602172e-06 1.6398442784274302e-06 3.2855661513167476e-06 4.147728779912106e-08 1.399626901509674e-06 
7.697997037485144e-07 3.836890495514861e-08 1.1269903226335736e-07 2.0421803494268057e-07 3.0748841765588577e-06 2.6891804978893657e-08 2.683873689800945e-08 4.735119733973124e-06 9.705430491685242e-07 2.1573893121478323e-06 
1.2180667015094887e-06 2.6260432396437496e-07 1.2868554916805134e-06 7.495260870785211e-08 7.442691189664689e-07 3.071509076363663e-07 2.2592515774638452e-07 1.2398372691452972e-06 7.302847083459394e-07 2.5202517247168775e-06 
1.040763447421507e-06 1.2162268185269354e-06 2.8008420532669924e-07 1.3443999446803318e-06 3.973080464316625e-06 8.487566946672913e-07 1.293427056888693e-06 6.05591231743016e-07 2.911159337549664e-07 4.3704536208529146e-06 
1.2656105886251108e-06 1.1757048419566158e-06 2.037446704009483e-08 2.0869380493242045e-06 2.367731430855362e-07 2.293170140092881e-07 2.2033746140321159e-07 2.246900269504514e-07 1.155805869436876e-06 1.7406410697054191e-06 
2.2869423862790413e-06 1.513970696063646e-06 1.3824072578182217e-07 5.321758843211281e-07 1.9707929375711618e-07 1.3244911363497342e-06 7.782585339790633e-07 5.30259833490327e-07 4.422049642130346e-06 1.3665885333806867e-06 
2.2724675200728014e-06 3.898206264468377e-06 3.375405460737525e-07 2.5565299874102504e-07 1.8103669089513716e-07 1.3780598795556778e-06 2.7800193986724352e-06 4.287265086680266e-07 1.25454395198947e-06 7.730244473956658e-07 
3.3436890777919995e-06 1.314242941018141e-06 1.5022266915570024e-06 2.0223927752578212e-06 1.6006914508818238e-07 3.296433819614888e-06 9.616042264652383e-08 9.71738872792124e-08 3.061359205430437e-07 6.762591898811571e-07 
9.348374348276907e-07 4.118931905412142e-06 6.735422060123077e-07 2.1916576376871657e-06 2.752125997698023e-07 1.0334706236422756e-06 8.398101233296498e-07 1.4148030100364306e-06 2.6480443994368997e-06 2.4671738909243025e-06 
9.428880681701901e-07 1.7449550068223202e-06 4.993546559753209e-07 2.9639623242597003e-06 3.8494026994046166e-07 3.0996527288568747e-07 3.5471274222397144e-08 1.6521858006709826e-06 3.1105012713930024e-07 2.739868219337798e-06 
2.45259532381018e-06 9.405013734520247e-07 3.6487067291727736e-06 2.2139499092953374e-07 1.0939613844137508e-07 6.154142128972431e-07 4.668914693063173e-06 6.628111127527928e-07 7.162049640597311e-07 2.5035616340959048e-08 
2.6414371467030984e-06 1.988785531770973e-06 1.6700385981637236e-06 2.0727751467662003e-06 9.510831677826931e-07 3.6107775385631595e-07 2.880080220383517e-07 8.905217069452034e-07 1.334502244273053e-06 2.2921247172872088e-06 
9.241939586232629e-08 6.054673693876115e-07 6.13103182887682e-07 9.93235615528289e-07 4.9068607124177834e-08 1.1778666502550553e-06 3.3184824470393815e-07 1.5490504368495454e-07 5.729504005391435e-06 7.429387880625136e-07 
4.419399538586961e-07 8.538805577211345e-07 1.054255607281058e-06 6.116187880191219e-07 4.9953449142701834e-09 5.321670298954484e-07 5.85295156499929e-08 2.248866600179909e-06 9.475999136509219e-07 1.8041449858030552e-06 
1.3731315863864626e-06 1.1822509110689879e-06 6.705652295904125e-07 1.0570154090618394e-06 4.183796728681729e-06 4.056034795680164e-06 2.887649634010719e-07 1.610076208359333e-06 6.319496882875625e-07 2.461032478406201e-06 
2.914062061002942e-06 3.5936701656228514e-07 2.982054387203782e-07 1.396470776823363e-06 8.376286456293475e-08 3.2309184011351976e-09 4.897290703098509e-06 2.9948274387907666e-07 1.0580992759478111e-06 8.349653984039877e-08 
8.271499604854135e-07 3.3102397947817706e-06 9.289961540152664e-07 3.8327308987539076e-07 1.2581393939329673e-06 1.1174101722541554e-08 4.130956989663824e-07 4.754416168017894e-07 1.395508378880975e-06 1.617274314862586e-06 
1.9884323909520784e-06 1.3161768398178242e-06 5.729787425624576e-08 2.58473946040189e-06 2.0413483607087603e-06 4.933430855446483e-07 2.886089892122949e-07 2.6448033180082302e-06 3.690687672471643e-06 1.1509072085713334e-06 
1.7850832896489034e-06 2.8766944040523275e-06 1.1339634673100613e-06 5.368201336633932e-07 1.8900852704427006e-06 7.158327125059327e-07 1.5485970527450192e-06 4.667689129750654e-07 2.0704654456016096e-06 2.66750370413501e-07 
9.9547370148554e-07 1.0078112218985277e-06 8.912843756954986e-07 8.371256053330777e-07 2.3129050700654107e-07 9.366029760484129e-07 2.0920324791658446e-06 2.9599959506687833e-06 1.3243233950658634e-06 1.3319407805556548e-07 
5.2113562111223e-08 4.809705279386859e-07 2.2041311776550643e-07 1.242145490403846e-06 2.5972679771401377e-07 4.1591451511699467e-07 4.6219033674207924e-08 6.292702118608359e-07 2.1105950529999952e-06 2.9967985274239557e-07 
1.601133601146464e-06 1.1527047432650693e-08 2.6603386606930434e-07 6.059914883457352e-07 1.4910558678228594e-06 3.573227858631342e-06 2.153213172949914e-07 7.292066763734562e-07 6.401533495755968e-09 2.2491896917658156e-06 
3.3222860905374947e-07 1.558079501734404e-07 1.0953356464605657e-06 1.9286679465973304e-06 5.92601118192954e-07 5.412532607698589e-07 4.658605045233949e-06 2.531000382184645e-06 1.429466262810655e-06 1.0581069366622729e-06 
2.2167863907625013e-06 1.463841593543037e-06 3.365323139273603e-06 1.0761114885225244e-06 1.9017241208985265e-07 4.4996070683217234e-07 1.7419104819329977e-06 1.7471196652712136e-06 1.8624446061289768e-06 9.034132685703276e-07 
8.181654292419966e-07 6.914174158037312e-07 2.2418684553277053e-06 1.2651009726990547e-06 2.095426899480373e-06 8.517244740404874e-07 9.999636103501661e-08 5.0109231416519875e-08 1.4634833523321248e-06 6.626924070199825e-08 
3.8211524527271607e-07 7.953455032798271e-07 2.0491053031246535e-06 3.1917649086343055e-06 1.715103133119942e-06 1.9447779195821404e-06 7.746528209433614e-07 2.642406132551524e-09 9.659439624535933e-07 2.3369464493050128e-07 
5.281775011187789e-07 1.2042100908416098e-06 1.9652234062373186e-06 1.914957790322689e-06 8.264367903619452e-07 2.161167426171111e-06 1.3833335597466371e-06 3.5774844429506584e-07 2.727902653630501e-07 4.326091578772382e-08 
8.026001726250571e-07 2.122812911731318e-07 7.868794849147337e-07 3.564352176540173e-08 2.9214146479630487e-07 3.877180926570188e-06 5.847917034180888e-06 5.730634911300986e-07 5.8896050977269945e-09 3.064009421392044e-07 
2.5602360131406517e-06 4.031642214725241e-06 4.2929192764047206e-07 1.0763984344094198e-07 1.0597390290533919e-06 1.3502351953386881e-06 4.289880798714714e-06 2.774616304906404e-07 4.73462222341725e-07 1.578529330276553e-06 
3.8407880438700484e-07 9.724619838528574e-07 5.783183688197332e-06 6.590194650619057e-07 3.399055163783605e-07 8.119183475937286e-07 2.1518493264350077e-07 1.6866295320107817e-06 2.145684579512801e-06 3.4181814647142222e-06 
8.954216311664164e-07 3.6332775689415156e-07 3.2487977228909256e-07 3.489379650805744e-06 1.6841325102410472e-06 2.701384834762784e-06 9.616804558971724e-07 8.006334566490318e-07 6.537620554526289e-07 1.7366600229344547e-06 
2.0076244818447564e-06 1.229500803311511e-07 3.4468456270544966e-06 1.8380418384918504e-06 2.8566985465712743e-06 2.5270221531526854e-07 1.3807944348586048e-06 1.2221064606409327e-06 4.389709669367435e-06 4.3162183493639495e-06 
3.474570595460001e-06 2.9628363038506505e-06 1.783184824645143e-07 2.2509389510900628e-06 2.313947534427484e-07 5.058894250230862e-07 6.576042658499523e-06 1.6603995763543465e-06 2.3004596114156128e-06 1.6033591677930217e-06 
1.9583194167863435e-06 1.4004732200332246e-05 2.5025695156821567e-06 6.638833840465907e-07 6.893280429934048e-07 1.1230171998922368e-07 4.824507383361854e-07 4.312884912630359e-07 9.89548539055922e-07 1.023255665508069e-06 
2.613542118421233e-06 1.2841625263141448e-06 4.050132339388126e-06 1.2812265393369911e-06 8.089221679472351e-07 1.6511982247257212e-06 3.534936610952867e-06 1.3402038871758676e-07 2.2038505906739468e-07 3.9863662590687335e-06 
8.139624203966961e-07 1.365729939043165e-07 4.816058944808187e-07 1.3135895014847063e-06 2.8546319558169173e-06 9.616635634840602e-07 9.569694363192527e-08 8.301504386347321e-07 6.326285668802709e-07 1.4257322981790444e-06 
2.2351379495921864e-07 2.6202983390910007e-06 2.642947164746243e-06 9.207874352658857e-07 1.961340535507566e-07 4.0994549270136106e-07 1.7434209674134997e-06 3.647345903235491e-06 3.1141191474042947e-07 1.5918618599951303e-07 
1.6627623426021434e-06 1.334620400496753e-06 2.9311593046948053e-07 3.4354727848966313e-07 1.1622179895622024e-06 1.523521666399088e-06 1.240808269345585e-06 2.966142456470045e-06 1.2394212062724515e-06 3.3925843944196136e-06 
1.4292212981791792e-06 1.1142191248273566e-07 1.4850045982335538e-06 7.75656692392977e-07 2.4469476726367064e-08 4.0690019498352276e-07 1.453929065059612e-06 4.0118096218977974e-07 5.253541512264752e-07 3.960954246032364e-06 
1.358990925731689e-06 5.540224184802331e-07 6.776570858590823e-07 4.483961257867223e-06 1.5830883510126086e-07 1.5777258835107328e-06 2.4423592074514745e-06 1.3569725829287773e-06 6.845727035547418e-07 4.4270032084842693e-08 
1.455097942663282e-06 1.826318626595099e-06 1.0713161319703518e-06 1.9190345891181113e-06 2.1736899112578046e-06 1.5297924494959524e-06 2.93883645349896e-06 1.0639865156195502e-06 1.5786186849579212e-06 3.026648964678794e-06 
2.409388646987834e-06 2.057005780106157e-06 1.951919550369516e-07 1.9714094037882746e-07 2.944995489636956e-06 7.85439521351758e-07 2.332966028854226e-06 1.928480733848097e-06 2.0430277277301823e-06 1.3873254525562898e-07 
2.8586504909330348e-06 1.1315863625526968e-06 2.9173868936463344e-07 1.489962678926561e-06 1.3397254515704935e-07 5.445119686390352e-07 1.9851043053801997e-07 1.3387731546623745e-06 2.039632358762617e-06 3.10474866454955e-06 
6.157515609933607e-07 1.5151926151973112e-07 3.774580870674225e-07 8.766387439083147e-07 3.309252106827255e-07 1.7367950406095353e-06 2.570510478194587e-06 7.377946108628264e-07 7.498114491800692e-09 7.169709131733439e-07 
1.7615288185647019e-07 1.4190572530294299e-06 4.960958841392056e-06 9.817184637394596e-07 1.130852940767533e-06 3.3562110726559314e-07 2.843847671284504e-06 1.2199612077156824e-06 2.8201645303206843e-07 3.375904407269312e-06 
5.179363427989356e-08 5.028276040424935e-07 3.191089676887579e-07 1.3777041220122825e-06 6.755645229478454e-07 2.2120203700092582e-06 5.547974542083582e-06 2.2057186079396032e-07 4.2524432667653854e-07 9.349056190928828e-07 
1.6900022664925394e-06 4.0793942512724094e-07 2.3288625171914029e-07 5.671670810739422e-07 2.731153397732386e-07 2.90382113098785e-06 1.433031494369392e-07 5.084244654027355e-07 6.133330593305925e-07 9.841810753063237e-09 
9.627379227800731e-07 1.7033300575232793e-06 3.974251041929631e-06 6.690676938130424e-08 1.0110829449117921e-07 2.5803049765654576e-07 2.4823023127515133e-06 9.618938575751198e-07 4.6238217213729343e-07 1.7483418320509568e-06 
1.9915007614111337e-06 1.8250008498788739e-06 7.988064207013451e-07 4.533332322734837e-07 1.3759834918038245e-06 2.7234880612111527e-07 6.220631257496009e-07 1.7334513093643566e-06 3.351557822117665e-06 3.267600343916984e-07 
1.3826957732392872e-06 6.269189832289556e-07 2.5870309239500754e-06 6.251812900236498e-07 9.447953134361974e-07 1.8374758061850205e-06 1.1075174519376863e-06 9.296127165265743e-07 1.5281147900117277e-06 1.5060142520934848e-06 
1.0262973597260818e-06 7.729451720051959e-08 2.831780422278795e-06 1.6850932004171668e-06 1.8797166438350338e-06 6.142902780854944e-08 9.066605395145587e-07 9.299402683045881e-07 8.002899968023418e-08 1.764333961345702e-07 
3.0975701456341153e-06 2.2201127801513562e-06 3.278281990979033e-07 1.7184326120878397e-07 3.1531519627648396e-06 1.8981369490845745e-06 1.6827592781730451e-06 3.371579394771549e-06 3.10476602488971e-06 9.441833109527067e-07 
4.410593779285493e-07 4.104902068849713e-06 1.0574379682013087e-06 3.956279304982195e-08 1.166584840156263e-06 1.4979766570749703e-06 1.5614139722836115e-06 1.2144426723195779e-06 6.738190289295905e-07 2.3030557082067013e-06 
1.3296278706596652e-07 2.685486852937967e-06 3.717926008663406e-07 7.576529584113205e-07 2.71058620849146e-07 1.1602218591677751e-06 1.0794901568420694e-06 2.7064772798291856e-06 1.5232460620569648e-06 8.593800066326809e-07 
1.3544126362924932e-07 4.40414688142806e-07 5.457158233087416e-07 2.0167103664183934e-06 4.283284936376723e-06 4.197928265240943e-07 1.7692674996287732e-06 1.571751862237849e-06 1.5392014426544873e-06 4.0633802363477305e-06 
3.4387793250206205e-07 1.7822337623715069e-06 3.095150143365544e-06 1.817832175085035e-06 7.354780614757467e-07 2.9354077474227903e-06 4.730858037245615e-06 7.2805094568336655e-06 8.014338880219123e-07 4.1897209488426685e-07 
1.6397911822741138e-06 4.2001474748444985e-06 3.3290877239074326e-07 2.384324905237741e-07 1.6255930823224562e-06 2.3186584351567837e-06 3.6014652529530565e-07 2.100212949121667e-06 1.75828441388487e-06 1.786969911530775e-06 
7.223612233001942e-07 5.0016473550325324e-08 3.0314618093083275e-07 3.8121338708341487e-07 4.5418368692950186e-07 9.275855364815286e-07 1.4701678842471196e-06 5.84908919968972e-07 2.0262985404520985e-06 1.3791725158771888e-06 
8.352884045161995e-07 6.090225028834832e-07 1.1186987765481057e-06 4.676505546946462e-07 1.3684885403276618e-06 2.564458519944016e-06 9.959609622872741e-07 6.971016888654871e-08 2.7296455804387214e-06 3.936183540423357e-06 
4.266690493983352e-09 1.6893224011262601e-06 4.483153563194434e-07 1.5712995965769644e-06 1.6729029517458141e-06 4.504305098720484e-07 4.008231837333258e-06 1.5423093618725466e-07 2.3148551467041342e-07 8.622293911363594e-07 
1.344754591804412e-06 1.005912505360559e-06 1.1879539028536753e-06 3.9216970872127153e-07 8.549797337498023e-07 1.3865495962073938e-06 1.527579624666957e-06 3.210330837245456e-07 7.499283109027797e-07 2.959696080592023e-07 
6.484859831044414e-08 1.9272935928301807e-07 5.001635756697585e-07 4.667360368972891e-07 1.5253326131117693e-07 7.504673321678423e-08 1.5265091508793533e-07 5.475217130061775e-06 7.359063689783083e-06 1.0073225425390792e-06 
1.1041281143178982e-07 4.2353359783465987e-07 7.5110985647398e-07 3.2707044025231796e-06 4.177952994946107e-07 7.779556269946233e-07 1.3834663055812298e-06 2.342581649267121e-06 1.32525565431543e-06 1.8204244789981852e-06 
2.7599145929926274e-06 1.6505601770390956e-06 6.694087395766174e-07 6.91016898172678e-07 8.331259889722442e-07 3.974214897246136e-07 2.869320209241571e-07 2.2001307755048016e-07 1.1292200408557766e-06 1.891557972599753e-08 
1.76730003678695e-06 2.5003953232490846e-08 3.1452720446994595e-06 2.656352598831513e-06 4.188746030843196e-08 1.907633270391624e-06 2.6385540178752356e-07 5.726789359134263e-06 1.6098947957000392e-07 4.829353598189278e-09 
3.317571968240843e-06 2.087798215626813e-06 1.3253543403272493e-06 6.227305552585033e-07 4.96250546399686e-07 1.4393362738951844e-07 9.14411287468796e-07 2.059139639656826e-06 4.796573313608123e-06 3.661131820520751e-06 
2.974673048257268e-08 5.352965526086105e-06 2.8298683278371402e-06 5.941940908735712e-07 1.507562566012257e-06 1.3573407664088895e-06 1.9013335451503872e-06 1.06030592562457e-06 3.622512513178211e-06 6.769603618985762e-06 
2.4134254101120976e-07 5.003675084944671e-06 6.379568477304741e-07 1.7218879630919137e-06 4.641810091328324e-06 9.566525498714677e-07 5.171465599339148e-07 4.0711133119400973e-07 1.1838165471330875e-06 4.102111814519082e-07 
7.498501509003233e-07 3.7442457050029413e-07 7.528514633702476e-07 3.234912288716259e-06 4.5285829352650635e-06 1.9738287102817225e-06 2.2570385802064567e-07 1.5158182993203232e-06 2.6468705680526448e-06 6.072256296754244e-07 
3.6322675893061016e-07 1.4322980314023732e-06 6.569695061712939e-07 7.826507415032591e-08 1.1912437390582761e-07 7.26983801645248e-07 1.9379079161379842e-06 2.871351974688991e-06 4.912805326476246e-06 4.681561365172999e-06 
1.452993574974032e-06 1.6737730384070347e-06 7.924450495235097e-07 4.584043904832693e-06 3.1701009786454333e-07 1.3970932526600585e-06 8.945508039155785e-07 4.1339810296340445e-07 8.716027337350542e-07 7.044883114087435e-06 
2.997829136365309e-07 1.324340088034769e-06 2.2092027790087816e-06 5.777245135934983e-06 4.2584285751393765e-06 1.3312387764183535e-06 2.3043905544898995e-06 6.798237083594205e-07 1.1774262256180703e-06 1.1238867706861092e-06 
2.8460157104661828e-06 1.0762937344177813e-06 2.6109601982296497e-07 3.4051534354256426e-08 4.636930839589057e-07 4.408228003478763e-06 9.0273148594395e-07 2.019406930097626e-06 3.3586984526410807e-07 6.447681480015076e-07 
8.699677609717904e-07 7.399631303812953e-07 1.1356342104747744e-06 2.825165842269001e-06 2.0552715624041952e-06 1.433322962447974e-06 3.0587055422788547e-06 2.3484571734939642e-06 7.766195082821324e-07 5.5604864322761094e-08 
1.5308273247707848e-06 7.405341880106528e-07 2.599298723388859e-07 1.6241027407690867e-06 1.857746042511031e-06 1.8297343763766053e-06 1.402442875283021e-06 1.9192703932363942e-06 3.9986955647133405e-07 7.604648222693628e-07 
2.831080561399506e-06 1.8365459556674923e-06 4.658738184393685e-06 9.350041064088359e-07 1.6308433452821014e-07 1.337093395269482e-06 1.917857966790014e-06 5.1383923851299616e-06 1.5661245014664737e-06 4.4622528960998405e-06 
3.317948798929447e-07 1.0701476904772215e-06 1.503839868380927e-06 2.3715615765192835e-07 1.0675426282746367e-06 1.8762595431013779e-07 2.337645991613899e-06 1.3769693879619314e-06 2.5989498531618728e-06 2.4715665518087637e-06 
6.197942941144849e-07 9.141587076528862e-07 1.5502389188376344e-06 4.794059806295372e-07 1.043363922042299e-06 1.4383822612376247e-06 4.495366908842424e-06 6.457029512974156e-08 1.078874055950567e-06 2.571207924417967e-07 
9.120042576897984e-08 1.1310073817060823e-06 1.0358867858005746e-06 5.41279526979012e-07 3.016039813771157e-07 3.8046644803371412e-06 4.2491323923526134e-07 1.6377625927814904e-06 3.73864779859101e-06 4.80617580703456e-06 
1.825331306221866e-06 6.470612454437686e-07 2.82822726894099e-07 3.08103214413341e-06 1.0691137722928613e-06 5.610124217530725e-07 2.540267310414432e-06 9.108764775023748e-07 2.131157650068551e-06 6.4342804819264925e-06 
5.956185787684278e-07 3.9085681793176145e-06 3.636815101141334e-06 1.7206549668698584e-06 4.776424371874425e-07 1.7698318089954454e-06 3.0318368207946445e-06 3.7053036538752086e-06 2.6631038688585416e-06 1.1503202546961404e-06 
1.9445459693980393e-07 2.7263526698099392e-08 1.1801352074467246e-06 4.476782631609393e-06 3.679491225750707e-07 2.8815212441126136e-07 5.796995010664611e-07 2.7042433649745765e-07 1.1171409814286855e-06 2.7499823454249296e-07 
7.90656958342849e-08 7.123119775163581e-07 8.546227547933578e-07 1.1101864464042968e-06 1.4668411932781197e-07 3.3191877524768477e-06 5.7539006934227166e-08 2.606633318510426e-06 1.5700823822594475e-06 1.1255239375603394e-06 
1.5373601947740694e-06 6.966491249088948e-08 1.0254480080303916e-06 5.395111564136546e-07 1.0608395351495896e-07 2.6755353888874814e-06 2.5904978108698286e-06 1.1513284400851585e-06 2.8434119342966985e-07 3.947922001101819e-06 
1.412816120170775e-06 5.2571739950854885e-06 2.0807443663158316e-07 3.4863830261715547e-07 1.4832193783477278e-06 1.590817561337063e-06 2.424097798760111e-06 2.3736544634765025e-06 1.7914447087645632e-06 4.031920061632858e-06 
8.60643485799219e-07 4.732553960169807e-06 2.089310921865067e-06 2.103860963253045e-07 2.4291436662915076e-06 3.7890242699912893e-06 2.86758404631251e-07 4.0788834511046164e-06 1.4270995581417926e-06 1.2151596402393604e-06 
1.9113980502649997e-06 1.784606927929616e-06 1.673350462424202e-06 1.4261092557680245e-06 3.2607364221488044e-07 2.2217924252034416e-06 9.290560197071762e-07 1.6813078575493736e-06 3.8343124782319306e-07 1.975046677196642e-06 
3.815926834604044e-08 1.5792875522176335e-09 2.426781044394831e-06 4.3892635981251953e-07 2.2822302568782046e-06 9.898016551623713e-07 1.1332040011872817e-08 2.065773540823869e-06 2.873274029343445e-07 1.57308790136895e-06 
6.453726181761045e-07 1.1385916440812497e-06 1.5608086288019472e-07 1.3049605695717314e-06 1.796838793442108e-06 2.3408809926007574e-07 8.713652648999609e-07 2.9350414227262113e-06 2.4815477806508297e-07 1.1865867385522798e-08 
2.9076565701183122e-06 2.5737266965287577e-07 5.721393691384488e-06 3.7186464069896054e-06 1.8319586021835444e-07 2.3846666831260934e-07 2.3451573118295543e-06 6.59260219367821e-06 5.500901936810094e-07 4.349800720832529e-06 
2.459423673665098e-06 4.2305164295064593e-07 4.29412166214083e-06 1.5113781866723958e-06 1.6470563386491278e-06 2.2108643691582557e-07 1.3988549211679509e-06 5.558366484944578e-07 8.817556797650615e-07 1.4650500742403205e-06 
8.765216268677024e-07 2.192800619613575e-06 1.074070592922382e-06 1.2724155639741052e-06 8.883841627829207e-07 2.052218362883455e-06 9.200120836071887e-06 3.068453368561007e-07 2.931331909125566e-06 3.85220235552969e-06 
5.048397102130683e-08 3.0159818501376273e-07 4.452386689221199e-06 5.090136053465416e-06 7.643500233055493e-07 3.9553672117307045e-07 5.88539191190752e-07 6.61896736463865e-07 2.3065893056122296e-06 4.083291052693261e-06 
6.713531079348825e-07 6.537642551761812e-07 7.544497547121509e-07 7.63802125875503e-07 6.844707980767719e-08 1.4999837629486655e-06 1.9946444829330247e-06 9.801815436606889e-07 4.678194551407307e-07 1.7619627625337187e-06 
7.835249395893319e-08 2.9369978559321116e-07 2.928559982256004e-06 1.4016203481921824e-06 3.41635009279004e-06 7.440765646650427e-07 1.1768079049223994e-06 5.054342724927166e-07 1.1246484158222104e-06 1.3514786579852165e-06 
3.818605264517834e-06 1.9671686263196146e-06 1.3005421988448457e-05 6.386535925576388e-08 2.63231239879726e-07 7.186012847295407e-08 4.042155272829809e-06 7.319121413406046e-07 2.3157707013257357e-06 3.294070077722245e-06 
2.5450197704046814e-07 6.829360294938638e-07 2.7380619487096172e-06 6.013689465904475e-07 1.475811375822778e-06 6.987015598742134e-07 6.127184863739235e-06 3.4578755799989413e-07 7.457442354753039e-07 4.668274703056999e-07 
4.342040295627812e-06 3.1151217284035285e-08 1.0893399993128324e-06 6.071282866646204e-09 1.0282262479444925e-07 2.7440884961253968e-06 1.7236745834711343e-06 4.078040083986717e-06 7.836997576822431e-09 2.8055576995255565e-07 
5.803731129537097e-07 2.1084504491380083e-06 1.4145800590767767e-06 2.032418372973741e-06 8.782632754991895e-07 2.476399035939115e-06 2.46367912738454e-06 3.56553413281477e-07 3.9545171076165e-06 3.1488433097431487e-06 
2.455986625682433e-06 5.598739649698199e-07 1.8819055975837794e-07 5.768055669579397e-07 2.852408626769306e-06 3.8807678379847366e-07 2.121668335258852e-06 9.544403429626213e-07 2.2555632759569134e-06 1.1441466215805661e-06 
1.8030892185690374e-06 1.6023606087953295e-07 5.283921318551936e-07 1.6393796737675726e-06 2.991853432225636e-06 2.006769981840344e-06 1.8063352963152986e-07 5.54881539218254e-08 3.396214807283802e-06 4.2820976625032004e-07 
3.0192287962741224e-07 4.0559851706198285e-07 1.3574474088980205e-06 1.2207320550814578e-06 3.4093402941300403e-06 4.121984705636208e-06 1.119419343709906e-06 1.6036167395868666e-07 2.8365196434011362e-06 4.966533386299769e-08 
1.9645576310272426e-06 5.410669771133148e-07 4.376203478181111e-07 1.0540764973804834e-06 4.7429934306888056e-07 2.112006309537195e-06 3.054887979807996e-07 3.2733874355405838e-06 2.8728944213215884e-06 1.1026688933804124e-06 
2.1121147015400423e-06 3.668046661494594e-07 1.380662336396318e-06 2.2727443553131937e-06 3.075124191337007e-07 1.384314551005088e-06 1.2468410585157217e-06 3.1813464162811656e-06 4.3343226256840817e-07 9.62849127813435e-07 
1.7424554164940217e-06 4.835576066618753e-06 1.3798922742685895e-06 1.859083621619605e-06 4.416841813047099e-06 2.377320294066439e-06 1.9999161428430096e-06 1.9261660863359327e-06 4.2992341725270273e-07 5.301992988519552e-07 
2.6316956178628903e-07 5.196840292743582e-07 7.854518291920222e-07 1.3057331949342142e-07 3.1749072673485812e-06 1.4289566812231075e-06 4.2465023345532116e-08 3.4183185129112048e-06 1.7703863312884847e-06 1.3933211225729323e-06 
3.996775647293231e-07 2.3307456790426394e-06 1.8931999077671947e-06 2.7888266829592867e-06 6.112270465423041e-07 1.8856176129361657e-06 2.934681067597622e-07 1.6977866831929725e-06 1.596382286910784e-07 1.0664135850186715e-06 
5.49167212814579e-07 2.1052563192964086e-06 4.813044071840333e-07 1.6088236103016732e-06 4.0855387159674917e-07 3.5884034346425153e-07 2.5433471955084557e-06 9.47123859129167e-08 2.5471856959536696e-06 8.674823705979392e-07 
1.938992996672236e-06 6.279246408206476e-08 1.6247015067198832e-06 5.089912792613693e-06 1.983191564958571e-07 6.205632341934168e-07 3.093824867601494e-07 5.728916326686551e-06 3.46770631528606e-06 3.4408261332586064e-08 
4.836245754599168e-07 2.557889820492076e-07 8.051011926551301e-07 4.034099531292247e-07 5.144563368170007e-06 8.253013685438456e-07 2.0998562095222503e-07 3.5723230562559775e-06 5.663625308568561e-07 7.221146730934382e-06 
6.859215173008122e-07 2.961512372513203e-07 6.261628961676976e-07 3.4558654988305973e-07 1.703987595763861e-06 1.8815424151301525e-07 6.134282676682384e-06 9.076429995003179e-07 7.853864226736742e-09 2.2857219048331952e-06 
8.8975909065638e-07 5.828350225540789e-07 1.0107859204623824e-07 2.2929936360915796e-06 2.708074573221543e-07 1.4886761074725828e-06 1.9081683618468077e-06 1.9775430396494846e-06 3.9530264374308163e-07 1.6535522166644379e-06 
9.827373770805857e-07 4.274117438216102e-06 1.7968026429102556e-06 4.372277318283015e-07 6.097886302582125e-07 5.352114163780905e-07 6.602218255655182e-07 4.77317655890423e-06 2.2991260517820596e-07 6.0120093556057916e-06 
2.8686949390115126e-06 1.7604524048717907e-06 2.7824939700458715e-06 1.0733846379096463e-06 3.175920860616637e-07 1.1390680953359352e-06 1.7045346352584318e-06 3.1733508819164524e-06 6.983094852677792e-06 2.997313185334591e-07 
2.0481497031768608e-07 6.580516427595781e-07 2.7165298815081453e-06 6.93234955837353e-07 6.1460955245504645e-06 1.1055130610004672e-06 2.1372160875869556e-07 8.129777920302137e-08 2.814914027647576e-07 2.8115654750991606e-06 
1.2231686787852716e-06 2.4018739998532257e-06 1.2167820837620762e-06 5.197513148245088e-07 2.025174221133998e-06 2.406993031267674e-07 4.80975934331827e-07 1.2827565606026877e-06 6.095483964884612e-07 1.3048388460131988e-06 
8.920336349360557e-07 1.406230414301098e-06 8.337940064278537e-07 2.0287610927775308e-06 1.1737541967675664e-06 3.770015977453535e-07 2.277807006069752e-06 5.6871534313300994e-06 3.976860629554125e-07 2.2543578521588174e-06 
4.5039848739464057e-07 2.1863266650475272e-06 2.3002356651556204e-06 7.736989638539204e-07 5.012381405533235e-07 1.9657115673890118e-07 3.968986971367679e-06 8.065641245982618e-07 9.97909365761011e-07 1.5578071184782116e-06 
3.8471956618116445e-07 2.206647982994061e-07 1.1619382600295717e-06 1.023529501755459e-06 6.766035752277653e-07 4.404496450093304e-07 9.728087343986603e-10 3.7479817625657795e-06 1.024571066897905e-05 3.925574676996137e-06 
1.37674105802876e-06 1.478414518545573e-06 7.501241946466956e-08 2.9342920698952646e-06 3.728324511075175e-07 3.3119630569778475e-06 6.537380319077677e-07 2.7128560915060865e-06 9.526071088487225e-07 2.5018167808100246e-06 
2.9477921115588463e-06 4.283541143233393e-06 7.667705652354325e-07 1.790888873858711e-07 1.3699440566960294e-06 2.8387627005486925e-07 3.9598570444751807e-07 5.415544029208197e-07 1.0142465649831074e-06 1.0019220537622307e-06 
2.1849313275594625e-07 1.804610378477698e-06 6.687033687228156e-07 8.719329169720402e-07 2.327382297998289e-08 7.646739304140812e-08 1.4782946709442745e-06 2.2251423583219803e-06 1.8378094632742947e-07 3.868981195431306e-06 
1.6170954759766139e-06 3.634748706743699e-06 9.571416195916517e-07 2.1889816291012567e-06 1.9136243915943332e-06 2.6193046223591493e-06 6.333735767519155e-06 7.135851463440588e-06 3.736937265986626e-07 8.378531946170513e-09 
8.666705631635566e-07 1.5623938287549648e-06 8.556259919094525e-07 6.9576161219003135e-06 1.0137556943449717e-06 3.7268058457471783e-06 1.8822324128993227e-08 2.206528881688221e-06 1.4432973612039466e-06 8.957788138699339e-07 
1.0799718566852503e-06 1.2436501206001618e-06 2.4071903647423467e-06 1.7425991634850414e-06 8.381005747761352e-07 1.9378805031422187e-06 2.1789223535996566e-06 3.996071266826805e-07 1.6754255149791042e-07 5.355144850905287e-07 
7.150715140532248e-07 4.225419888949113e-07 2.8157698239162195e-07 1.893618941872059e-06 2.7341948492965323e-07 2.5895321372308456e-06 7.745019120249512e-07 1.264764306594991e-07 9.04868570566045e-08 1.1365563069952147e-06 
6.651381164012963e-07 3.0655554581982635e-07 2.4729975492431935e-06 3.3945303597976623e-06 7.322472048859378e-07 2.6578136804874694e-06 2.9128735666260917e-06 1.2864509850115733e-06 1.6184290102650978e-06 3.935934024420986e-06 
1.6746446658805837e-06 6.236119776750646e-07 8.663444288070117e-08 3.53228479015992e-07 3.8520347917519326e-06 1.5159521317137897e-07 2.8841802509529942e-06 9.474740586993766e-07 1.918539015099124e-06 7.060210928322493e-06 
2.7318054287812113e-06 1.3891445871619684e-06 8.689534152490765e-07 2.8246907384424357e-06 1.4544193456181708e-06 2.4586299283655616e-07 9.026448590833345e-07 3.075423442550914e-08 8.222899506481239e-07 6.732883787702588e-07 
3.0109436650827824e-06 1.7602810949815733e-06 7.934233026310854e-06 6.473317363479457e-07 1.4970941521011666e-07 4.471162731689916e-06 1.1095992217121245e-06 8.345125998955129e-07 1.2078530752680697e-06 1.1105417427560197e-07 
2.650060709576121e-07 2.496975047837594e-07 8.294176946065106e-08 1.4422589008442036e-06 1.3328481517736932e-07 2.0902890521544366e-07 4.989592295538797e-07 2.4408801440213852e-06 1.2541174886591e-06 3.3376628191125944e-07 
2.581529208001099e-07 1.0754679861014068e-06 1.6820233464017464e-06 1.4496071065695222e-07 1.322886561664664e-06 2.742082670476858e-06 1.0647194205165163e-06 7.643897481917081e-07 7.259652040601146e-06 1.661569574074109e-07 
1.8182999986844333e-06 6.440047335201231e-07 1.2491569465194475e-06 3.3027413152539496e-06 2.0638472615765985e-07 1.1305953795390794e-06 1.0202828420062249e-06 9.801582595104793e-07 2.89082278583006e-07 3.247384890394596e-07 
5.527330108056247e-07 9.069318309935739e-07 4.255477379711308e-06 3.033174479579571e-07 7.45830712996126e-07 2.8230145115988864e-07 1.380739609394982e-06 2.4527576631070543e-07 1.821869824514583e-07 2.366214597274355e-06 
4.660572241010108e-08 1.7618574610325373e-06 1.8674832496349191e-07 3.052825696768697e-07 6.114251747751855e-06 6.347980563303383e-07 6.457201153585095e-07 1.1670687903492417e-06 3.470411388613454e-07 3.313225609847802e-06 
8.069345609090525e-08 1.305495525029606e-06 2.051982759099956e-06 4.075364676605645e-06 6.314248705524968e-07 4.947064452247411e-07 2.7066545715923887e-07 1.0689811402626548e-06 7.381516980286177e-06 2.573027343207698e-07 
1.5602858347800837e-06 6.735558277743946e-07 2.444348040282539e-06 1.3981712925448593e-06 6.203124596137654e-07 9.346852342832745e-07 6.396474512824577e-07 1.691090690533307e-07 7.879297880907664e-07 1.2311571430467458e-05 
1.679805192581545e-07 1.1349551468819349e-08 2.6822269899805926e-06 1.0373439299035262e-07 1.1352856731189568e-07 1.6479516824276625e-06 1.2772757553448772e-06 2.0719525471369574e-07 2.24805379464362e-06 1.6960117057526713e-06 
2.923121731239854e-06 1.1467292800842204e-06 9.879282451948472e-07 2.4762668220655168e-06 3.3255628465958856e-06 1.5414853606049332e-07 1.9159240541831314e-06 5.037232440193555e-06 4.72845657316102e-06 1.1131694922920937e-06 
2.197076806460048e-06 3.7383166395535433e-07 2.0131052268914297e-06 4.259291136854582e-06 4.85924700072398e-06 4.719636376578282e-07 2.995940415562668e-07 2.2491353353925813e-06 5.751708634176584e-07 1.8640767562600711e-06 
1.4936166715961905e-06 2.0922194914003016e-06 6.735375986739307e-08 2.80194182028382e-06 1.4161437587071505e-06 2.1842337318226696e-06 3.5055258193274253e-07 3.1497205182283577e-06 1.0580967875293555e-06 2.579907022579132e-06 
6.842288621187589e-07 1.9854161627026253e-06 5.594025581165311e-06 1.65927039630231e-06 5.386147222947981e-07 8.079322799781329e-07 8.021775205717234e-07 2.9325936300388535e-06 5.786364564357293e-07 9.887353458205928e-07 
1.685161809640896e-06 6.910205036540145e-07 4.88040878777882e-06 1.676833300330418e-06 9.02415461307431e-07 1.0214661043999642e-06 3.01539053478614e-07 3.282637025185902e-07 1.8117611913021672e-06 3.5351027954347106e-07 
5.87554791633268e-07 1.601397771069494e-07 8.549011102130237e-07 1.3492212222476134e-06 5.66050589610363e-06 2.0042932055190832e-06 7.915948808444498e-07 3.6416842285229037e-06 6.698466193268367e-07 2.2773671963667457e-07 
1.0904630395266042e-06 4.0809521027506815e-08 1.8296657052231297e-06 3.798221188893848e-06 2.399860448040227e-06 3.7101069580122145e-07 2.935953721750457e-06 2.6644421400395224e-06 2.9470273392192524e-06 8.522268735330135e-07 
3.396628450799175e-06 4.208399132993319e-06 3.1695269350922225e-07 3.0401027329896077e-07 7.319925051656867e-07 4.188896276445215e-07 5.535724386360734e-07 1.9863236363357352e-07 3.1697010170824804e-07 1.0834640528710837e-06 
6.621619631137855e-06 2.4839868832178986e-06 2.76803200723547e-06 9.1538678495487e-07 1.2778227130296334e-06 2.144118698578797e-07 2.117884345193163e-09 1.0757588951830089e-06 4.4071518386369063e-07 3.0474901327656377e-07 
1.5133162054819773e-07 6.204194047715999e-07 2.2241426796458848e-07 2.584010794846962e-06 4.832541633879431e-06 8.129633693350837e-08 2.494162866753184e-06 3.1146266218593684e-06 2.1667968368669066e-06 5.87430716126659e-08 
1.0398712657258765e-07 5.019694669623949e-07 1.004342056939142e-06 1.9355477167417787e-06 1.4129719129720703e-06 2.822508181442476e-06 2.4813830171573276e-07 1.5917801045253692e-06 5.41992080051829e-07 3.9089716350276934e-07 
3.339530540515301e-07 2.7692357370702593e-06 1.168136387785853e-06 2.4541953312313057e-07 1.641301586745599e-07 8.157583173523056e-07 1.071756982804703e-06 1.6528496277922507e-06 2.1377390808458083e-08 9.73785566109969e-07 
4.1667757277719506e-07 1.001664806245753e-06 2.714388485543585e-07 7.485021973742925e-07 1.1802689015059962e-06 5.339207535867936e-07 4.737714672838138e-06 1.2916001601739782e-07 5.230952920477087e-07 7.093745452462758e-08 
3.3207918110503016e-06 2.1974461060655774e-06 4.0271866898450785e-06 1.0557422606945212e-06 1.528025505725011e-06 4.729462007582269e-06 6.406709442841484e-07 1.6745184955382374e-06 6.108789785748317e-07 4.3436922794731084e-07 
1.2238159944240573e-06 2.3400791757743438e-06 4.2750900807447574e-07 1.354775300416956e-06 1.158521125149174e-06 1.995138289553708e-06 1.1061640130366809e-06 8.027448599742105e-07 1.7896176281979298e-06 9.434966956221789e-07 
8.085874640186292e-07 7.462060656220832e-07 1.6973719806724851e-06 2.2785519009395742e-07 3.755511547686268e-06 2.0251786813836366e-06 2.550741585234881e-07 1.3463766611122328e-06 3.6325305692031352e-06 2.5376944001393923e-06 
2.289794117561949e-07 5.301726790718017e-07 5.414117498586562e-07 1.1065466217211562e-06 8.159702492560017e-07 4.92951992793388e-07 2.7119109060305836e-06 2.7200761000440433e-07 9.857242383561549e-07 9.374406473422593e-07 
1.7658967491638988e-06 5.843602368618336e-07 1.245942710323422e-06 3.7112340472331984e-06 2.559425865086618e-07 6.254849275429633e-07 3.760555446700696e-07 1.3290508126607232e-06 3.5785592042591368e-06 7.304754814031698e-08 
5.642703890499115e-07 3.164196789529486e-06 3.511095073820471e-08 5.236970712288213e-07 2.340790953777386e-06 2.3132234167484027e-06 9.921846253000797e-07 4.4997804604269765e-08 7.295958285355544e-07 5.779209620578827e-06 
2.085879664919744e-06 3.1750803288923845e-06 3.3559670683184975e-07 8.679196575820272e-07 5.32384252780785e-07 1.3713829158756458e-08 1.0096807025896528e-06 1.982722230238296e-06 2.9571153163582243e-06 1.0451281705010861e-08 
3.982648854113522e-06 7.123208809732091e-07 7.133476183549741e-06 3.2260667861339524e-07 2.6281609002890967e-06 3.949398452188047e-06 1.8618268093505695e-07 6.721188005179531e-07 4.623402958842344e-06 5.274943083934191e-07 
1.570404893958464e-06 1.8404461019058172e-07 1.5938657497869894e-06 2.084650325954884e-07 4.135393269116408e-08 4.927278124821304e-07 9.15696900714361e-07 1.1993797234934339e-06 4.2021336528114925e-07 7.302202511667649e-07 
1.1823871865735552e-06 6.986822944483019e-08 5.79682017948537e-06 3.3335649270185576e-08 1.0991022866295822e-06 3.7354335613355586e-07 5.23015622155843e-06 4.31373240496355e-06 1.2054267232285752e-06 2.2303942834766737e-06 
7.630566764326901e-07 4.6755245748308025e-07 2.171112355384047e-08 6.38137314393096e-07 2.4412914191835424e-06 5.32400504352182e-07 2.550079304243328e-07 3.329869866649098e-08 1.1680817244978697e-06 1.8288619404889824e-06 
1.7920716740081374e-06 1.821043737219212e-06 2.642947071072686e-07 3.5635219968050803e-06 1.2988014798375216e-07 3.6684082783057434e-06 2.6416759229136014e-06 9.685785734823777e-07 1.038968179022636e-06 3.383302379635809e-07 
2.996094015540079e-08 8.076557230705536e-07 4.183651203793319e-06 1.3229288612856418e-06 1.2455115280947634e-07 1.261997485848206e-06 1.6257868696955885e-07 4.1158286572735593e-07 2.0386412946621404e-06 1.514914965263996e-06 
2.0238782071770157e-08 2.4793729955201556e-06 3.1293157597994614e-06 2.268922641267127e-06 4.861690173758834e-07 5.469053228583186e-07 1.7263247087187118e-06 4.093707894257686e-07 1.3063680452061885e-06 8.858340069084724e-07 
3.064165573434818e-06 4.7249201428037036e-07 2.395847436511506e-07 1.362441554706082e-06 1.6237737627120408e-06 1.163097113204018e-06 6.83653710309535e-06 6.918679680362863e-07 2.3253798982555095e-06 1.6257847580334855e-06 
1.8156903838430176e-06 2.926018155079484e-06 4.129298283813711e-07 7.13644247494411e-07 1.3015833590516953e-06 1.323373663558067e-06 2.625779161329498e-06 6.240677577111876e-07 5.5886674223711015e-08 5.153256222075304e-07 
9.103626201850655e-07 3.72306060651814e-06 1.6767883005210708e-06 1.7808613117576434e-06 6.281998487911546e-07 3.930305485458254e-07 3.443446270109153e-06 2.7808529872990875e-06 1.3510051496297775e-06 2.527277635693032e-07 
6.216127860498707e-07 7.124582826058078e-08 1.729764438082156e-06 1.2576335358886056e-06 4.554533011809413e-06 3.344550168790813e-07 2.0171914599355962e-07 3.108367254794288e-06 4.74603694087481e-06 3.592968943138421e-07 
3.1938526902964507e-06 4.324313930238588e-07 1.1065807732766828e-06 5.701436104313139e-07 9.851747281272833e-07 3.486460680875419e-07 1.9288778868705367e-06 5.167924757575209e-07 1.1500836844661163e-07 4.132539518300739e-06 
1.2241721402521113e-07 9.904724854309734e-07 1.041507200433637e-06 7.160306579692578e-07 8.778538160393424e-07 2.5293613976345644e-06 9.053484391236547e-07 1.2939593483980159e-06 8.712313050345481e-07 2.753708894266709e-07 
3.12931889759589e-06 1.8681084996780465e-06 5.822410019538477e-07 1.0366475631782405e-06 4.304934122924445e-07 1.7642121873067767e-06 7.318688364935148e-06 1.6467395038325121e-06 2.2264638565999458e-06 2.409893923019025e-06 
9.430408603506226e-07 5.284500073418248e-07 1.0333789838863887e-06 8.758017306021353e-08 6.996199057802806e-06 4.87031897233738e-06 5.024784139029954e-07 5.613774636550967e-07 2.6755436453019565e-06 2.990325735427663e-07 
1.61562793359029e-07 1.1017274209681018e-06 2.8594314072242454e-06 4.4239130544916193e-07 8.650422736746304e-08 2.188999921285562e-06 5.261878092602655e-07 1.2514366399524818e-06 1.0624993046641314e-06 7.880608011051165e-07 
6.449079306219483e-07 1.7824431491665476e-06 3.934219082412002e-06 2.315002405970293e-06 1.578958539749329e-06 1.530228076395132e-06 1.3450437732658929e-06 1.2409614223254812e-07 1.6153573514002854e-07 1.6558167947040677e-07 
1.833368521730931e-06 1.5710302873397508e-06 8.57185845031083e-08 4.393862312610633e-06 2.4790539093550687e-06 1.8402128446845271e-06 1.2163489401821004e-06 1.1429572515180098e-07 3.1249615717421683e-06 1.1112841242722636e-06 
2.2038270609368725e-06 1.8117236198162793e-07 1.203807515228804e-07 2.208615327520678e-06 2.3651482716598246e-06 3.277966131463378e-07 9.295288183782057e-08 2.43113487526659e-07 8.063451500471768e-07 6.196455572237842e-08 
1.3991325478205275e-06 1.1348094827256855e-06 5.404782365256628e-07 1.0024236906063478e-06 1.7874440411513817e-06 8.705906256217551e-07 2.076279743154043e-07 4.5291507255965296e-07 6.844750849725497e-07 5.652503534665598e-07 
5.724482102029955e-07 1.6804114748956121e-06 2.455114186513639e-06 7.15071929367308e-07 9.240526096689068e-07 7.221174118691231e-07 2.849820892299506e-07 4.816184443313098e-06 5.867290411021879e-08 1.9357630323490783e-06 
7.14457842022775e-08 2.466813433951369e-06 1.246255893784313e-06 3.236579618825489e-06 3.6651319579810447e-07 4.7518694841664646e-07 4.813808660041888e-07 3.8734345156414607e-07 1.7314734058878896e-06 5.1086912502395495e-06 
1.0732765199665269e-06 4.261701541639461e-07 4.176683087921679e-06 3.3603395857160333e-07 6.280119394144569e-07 1.2319903429355347e-06 9.251241624416821e-07 1.4138883706912368e-06 6.918367956906219e-07 1.9016971055551256e-06 
3.089000748449432e-07 9.852293032744611e-07 1.3403323979685991e-06 3.996142301080301e-06 8.496228263335489e-07 4.0413308081896e-06 1.1543069907010746e-06 4.52531192544921e-08 1.2642283616503807e-06 5.476295620251167e-07 
9.107886458325973e-06 2.9898749882890816e-06 1.0701854015714087e-06 6.277236772077162e-07 8.452118098029163e-09 2.7240373233436722e-08 9.470285430899175e-08 3.9555243171917925e-07 1.0438773639841634e-06 4.570438135965356e-06 
9.26305512762915e-07 3.3686554485392197e-06 4.651589385283798e-06 5.263744430963777e-07 4.3366438103464734e-07 2.1142951990227956e-06 2.6341581902854406e-06 3.1333331144628753e-06 2.8410938346103458e-06 3.1820321219479405e-07 
5.758966272351135e-08 1.1515054386063142e-06 1.0979008812881719e-06 1.7110576440578279e-06 2.7622619028396217e-06 2.1621660637716564e-06 2.4020771248982944e-06 2.4127060205002487e-07 5.380208337900417e-07 8.623736158436597e-07 
2.3139157840403235e-06 4.2103608373790773e-07 5.798670493848178e-07 3.7023294638965386e-06 1.6535068211099906e-06 4.10088245671777e-07 1.5146477556975943e-07 9.860978023610007e-06 2.2857986247440993e-06 6.106878164827165e-06 
6.843864248875264e-07 2.106420544059334e-06 5.190622260296793e-07 4.449694274194963e-06 2.9592792300529434e-07 7.754405406788774e-07 9.748197595038137e-07 2.559608569952756e-06 4.0996291933427434e-06 1.4363158213480067e-06 
2.208956761828668e-06 1.2057762736946902e-06 2.5804590940572007e-06 1.3230735460649934e-07 3.3176786689280323e-06 1.8131682681083003e-07 9.322802362390541e-07 6.342519425836377e-07 1.887283908496949e-07 3.0289433096198056e-06 
1.1410880812075333e-06 8.700526073699153e-09 2.1133066059138126e-07 2.2641641858118617e-07 3.4647654435101387e-06 1.0933167727302066e-06 3.17087614244169e-07 5.671655475102528e-07 1.7644536813360057e-06 1.2126125652184968e-06 
1.7899460385518888e-07 1.3448513388492423e-06 5.737986974455665e-07 1.9126622918700286e-06 1.105182335874649e-06 1.8295384112326996e-06 1.7942825985288733e-06 1.2496659352731502e-06 4.837782418164146e-07 2.7504029128644627e-07 
2.0975555099432062e-06 2.148380715654846e-06 1.8862759804470456e-07 6.257414225324602e-07 1.2717134936341238e-06 9.759517577735728e-07 3.6227489853907048e-09 2.514601711150218e-06 1.146673192438426e-06 3.4857592645010054e-06 
5.086260042942575e-07 5.254922361986452e-07 1.3574133394891466e-06 4.228837668061732e-06 1.3855467882657498e-06 5.7685372220694854e-08 6.075432698593615e-07 1.4170150792995836e-06 1.9283259054577672e-07 1.5762903796123426e-06 
7.124328241216036e-10 4.256808666623641e-07 9.057436104807716e-07 3.818981886381106e-07 1.691459321984786e-06 2.3805930701751065e-06 1.9198281115599028e-07 7.837251144810119e-07 1.857573766611194e-07 1.2786627305306103e-07 
2.1153921020346136e-06 1.3919477062258328e-06 5.416874705061254e-06 4.0541003569285246e-07 1.028499114981114e-06 9.96142586949282e-07 2.7718676125727987e-06 5.248223186114191e-09 5.247279561224657e-06 3.0519997751366194e-08 
4.349493633539984e-07 5.596773899757076e-07 3.413716252384012e-06 2.295075151826127e-06 1.6808145580875865e-06 4.081948114329521e-07 6.795207431779633e-07 2.924881785902476e-06 5.0737741459566885e-08 3.4673107995900035e-06 
6.913062646218914e-07 6.798984831323828e-08 5.928679527261347e-07 1.965277089293524e-08 1.6661043823965708e-07 4.929529228928702e-06 1.0224822239229133e-06 2.800096417365703e-07 2.6594813966524233e-06 7.923865626876093e-07 
5.038693476639286e-07 2.15593679665832e-06 9.623833024528053e-08 4.523863223580785e-07 8.908039832201342e-07 6.488655904093757e-07 6.771082056990744e-06 6.004652903679946e-07 4.3721712898823255e-07 1.9155238135471892e-06 
2.3143262959077286e-06 9.964511888398996e-08 5.927558084957928e-06 2.1781096604074934e-06 1.7446509027068234e-06 7.150108703428036e-07 2.140578952259914e-07 1.7016120821257695e-08 2.361363014090291e-06 4.0202144616277406e-07 
3.6461135200922826e-06 3.420793287007209e-06 3.5575495426529783e-07 3.526903539898701e-06 4.2977847206861045e-07 8.291781965958971e-07 2.9772297719037238e-06 1.7246145660534017e-06 3.1811998634531765e-07 6.670006816638275e-07 
8.458079532664027e-07 1.3430093654398933e-06 2.369219340965318e-07 1.7635225337454456e-06 2.495803532919195e-06 3.669629764021636e-06 2.1265509663651825e-06 5.639155230980146e-07 1.1225892698449742e-06 7.638613927014471e-07 
4.119978154046322e-06 5.492558552705193e-07 3.699533730380874e-06 2.7411409457647713e-06 1.509570978608068e-06 7.14759128020935e-07 3.8624112956751707e-07 5.152259004298047e-07 5.163721399820516e-07 5.748913561933746e-07 
7.218361276543374e-06 4.533499954638385e-07 3.579615053077534e-07 6.899488004048483e-08 8.566348700877235e-07 5.394659243577483e-08 2.9205507713570022e-06 2.967867127881294e-06 4.882479594921094e-06 3.957649656602244e-07 
2.0918900291826724e-07 2.5237228351484335e-07 2.8968085194090958e-06 1.3353435178334084e-06 3.95435529740544e-07 2.344114102548404e-07 1.687437499095307e-06 2.8674188057444846e-06 2.572957571767841e-06 4.6719100399711536e-06 
5.746147228205081e-07 1.6101083762891528e-06 1.2986892731501301e-06 7.825275916479159e-07 3.2510078780462425e-07 5.886992195131854e-07 2.1829635887619635e-06 3.8783591182534737e-07 4.65380237419462e-07 1.3949153196287895e-07 
4.7331845871195704e-08 6.058860612697399e-08 1.194221032795234e-07 1.20543544042867e-06 1.5272930567511645e-06 1.685689244792636e-07 5.092393518030778e-07 1.1860698348645928e-06 2.781061111317908e-06 2.292296596776738e-07 
1.5927485739548225e-06 3.984935933363796e-06 4.368149357377416e-07 2.286707260943488e-06 1.8324952681796642e-06 2.2650344372152643e-06 9.972433939052668e-08 1.3188311272588303e-06 3.67156198528554e-07 1.2796097138051772e-06 
1.6231352080969433e-06 3.412437361296838e-06 9.060423388678893e-07 3.4880153665541916e-06 2.0685208756141103e-07 4.870151166461893e-06 1.3717980699934104e-06 1.968857890863459e-06 2.8386958137906807e-06 3.364287418419593e-07 
1.501634114195531e-07 3.900001495790052e-06 2.9600962883312686e-06 1.05267269786868e-06 2.0242995212753736e-07 2.8397739060607435e-07 1.0965677979593524e-07 7.66928972730166e-07 9.996434382769715e-07 2.196002095910531e-06 
3.0880643566160814e-06 2.8043081448136593e-07 8.965085659536125e-07 1.731572005671772e-06 1.5481296547006824e-06 7.298333167545122e-07 2.0220622341808733e-07 2.94618995827237e-07 1.0503944988386559e-06 5.901365090664355e-06 
4.4368191669712456e-07 9.386162711877486e-07 3.6194137880729783e-07 4.451296174841568e-06 1.2809903004802798e-06 5.063638832405787e-07 1.5289310096020834e-07 9.852595481332024e-07 2.258160578407837e-06 1.4865090303278926e-06 
1.876628007913514e-07 1.5671517542352923e-06 4.841178011942121e-07 2.614400512907166e-06 1.8732365289903285e-06 6.324128179631868e-07 9.837502080609051e-08 1.5364278142411692e-06 1.1082115079416953e-07 1.026812967559939e-06 
7.359106494476339e-07 4.593944110623226e-06 3.277073016756894e-06 1.0145617627433817e-06 8.44639481875534e-07 3.922406102088982e-08 2.322951717722183e-06 2.338335091038317e-07 2.395150759141468e-06 6.183663691608063e-06 
3.585388364406678e-06 5.380354899517607e-07 5.05885419347277e-07 1.6433716198996594e-06 3.96622010068561e-07 1.0237824949555e-07 2.9754173445786815e-07 8.447038668457959e-07 6.163991570064441e-07 9.676864567523913e-07 
1.5225154897083593e-06 1.3490134690304396e-05 1.7862332330607868e-06 4.641118335995782e-06 3.075535642212039e-07 3.427499096527661e-06 4.105489056168098e-06 7.236253162893902e-07 5.28856224316732e-09 7.893032868119822e-07 
1.902816445795037e-06 8.829956405274833e-06 1.4430336856247398e-06 1.0175802941843782e-06 9.010039775350183e-07 6.213908749441197e-07 8.90124019487088e-07 6.808766800160407e-07 4.275857039450374e-06 1.8548894233534813e-06 
1.1162170607425549e-06 2.0516464350376355e-07 7.899617730454951e-07 3.0931943960763646e-06 4.162501648027495e-06 1.5869497136536759e-06 2.936633829237021e-08 2.788062836936875e-06 7.369667271506336e-07 2.3185973433986547e-06 
1.4443440830333636e-06 2.605766191644844e-07 1.0773383063387715e-06 3.0645440210957875e-06 1.2034678230401312e-06 2.2078844242314296e-06 2.008504326003206e-06 8.318902220645277e-07 1.7973121644914934e-06 1.1057683313206393e-06 
7.588429786643639e-07 1.5212953029642518e-06 1.9448124680594118e-07 8.163924754389742e-07 2.41689516473732e-06 2.598676680943599e-06 9.097932731673459e-07 8.32266202184747e-07 2.8443094522985516e-06 1.9627424267304785e-06 
2.636265283024262e-06 4.396900341287197e-07 1.2104032356200388e-06 2.6238480539053043e-07 2.3496631241340216e-06 6.130902391888192e-07 1.2645114785690071e-06 1.8382145895871632e-06 1.3849064408306136e-06 5.330069168791859e-06 
2.3393855342680858e-06 2.0771478952236254e-06 5.030499964290483e-07 3.772594379763915e-06 1.0268604523518454e-07 1.6636445900387846e-06 5.042412214684256e-06 1.2943897260773435e-06 4.22324182399419e-06 1.7956643153713685e-06 
1.777620189477988e-06 1.1155539599027425e-07 9.511905920469793e-07 1.4458209078641995e-06 1.8945788988955111e-06 6.987484597375817e-07 7.649147270607433e-08 5.92001375895713e-07 3.4171024506194615e-08 3.27802213075466e-07 
4.269781498943053e-06 3.3914990541226332e-06 1.8769514779478125e-06 3.3528774417064575e-07 1.4545058356329078e-06 1.9825300473545387e-06 3.289215539758686e-07 7.687808457635015e-07 1.8798278018003626e-09 1.253552782962352e-06 
4.4707829439518207e-07 2.24709898833713e-06 4.2232682442563794e-07 4.219083814849928e-07 1.4493067799092068e-06 1.4509789057094502e-06 1.1458133176041137e-06 5.837961601281118e-07 6.11545616634761e-07 7.094791064058044e-06 
1.0276513520368788e-06 1.514810797509372e-06 4.06863822887933e-06 1.0615168127463236e-06 2.4601044233594897e-06 3.2783153852966363e-06 2.394121004056184e-06 1.6079610493540902e-06 4.868679669524334e-07 1.5231942914777783e-06 
8.131104291782721e-07 4.023530747661025e-07 2.163937488104428e-06 1.624112884212721e-06 1.3837522177375258e-07 3.33204324197965e-07 2.006494131858861e-08 2.7981150003372734e-06 3.308578721927723e-06 1.1759395625714049e-07 
5.638362019840334e-06 3.659994931379957e-06 6.539722811214643e-08 1.7820834523074587e-07 4.125015565292579e-08 9.027012549616718e-07 2.831676521423633e-07 1.3629047987122596e-06 2.715458937779556e-07 5.0504766499994866e-08 
4.4524148671486984e-07 4.100295247147535e-07 2.5778897235727396e-06 4.570316351242192e-07 9.158225784719067e-07 2.3974935860612995e-06 8.572418394177376e-07 2.7995916582038294e-06 3.119089293138364e-07 4.0048946926000453e-07 
3.665788011054497e-06 1.1613438776592185e-06 1.0911576316915367e-06 7.320850459016679e-07 4.937870554127542e-07 1.0527835910373529e-06 1.9208680488423812e-07 2.709819043497109e-06 2.517255965142579e-07 1.5611999907060244e-07 
5.614255809565418e-07 5.369062375205877e-06 7.770340759080741e-07 1.2343397894112207e-06 2.07248963727677e-06 6.561186773984173e-08 3.589090094405641e-06 9.219108628349886e-07 8.508603852499637e-07 9.74227096383879e-07 
1.3855424551948962e-06 2.5540658377792977e-06 3.4227020629198055e-08 1.7959152037851822e-06 6.92572246493704e-07 4.911199862600069e-09 9.867951882553787e-07 7.87679614409248e-07 1.8229696683743608e-07 1.788947256158438e-06 
6.926917624760076e-07 2.1940015192569614e-07 1.4913268410062766e-06 4.3240560822932877e-07 3.1875150211366727e-06 4.9194128522626585e-06 1.0597882888134865e-06 4.0189872158443325e-06 5.161581088140851e-06 2.078326103419188e-07 
1.2229595655226862e-06 2.7223864023143653e-06 4.279002375339011e-06 3.8388402525880385e-06 8.366658211057871e-07 1.1381071401088628e-06 5.896241944258957e-07 2.369936837662196e-06 5.915611305502033e-07 9.481877327494077e-07 
3.4007941170699023e-07 3.98845256596891e-06 7.814318481589581e-07 2.0459142151017127e-06 1.1288535307631302e-06 3.6662159998007447e-07 9.778461021367026e-07 1.5035878820782402e-06 2.4334668456733742e-06 3.0528398714266104e-06 
2.8634843946959244e-07 1.0269458498299964e-06 1.5497803309655657e-06 1.739859968258707e-06 3.7197285047075196e-06 1.406318922100043e-07 1.8710865622855064e-06 1.2093432171746006e-06 1.6607925690262048e-06 1.5235859604555066e-07 
1.654598147835485e-07 3.2217460716456483e-06 4.8147181577496914e-06 1.7745550784870001e-06 2.5035979003490183e-08 1.5777020755530195e-06 3.0416277533643953e-06 1.6369764955118952e-06 7.428090677935812e-07 1.788289653767047e-06 
1.4482445585515134e-08 2.3409060528550953e-06 1.221556468486664e-06 8.474882564072016e-06 2.90261706332015e-06 5.032150689517981e-07 4.499518282635164e-07 5.048541057085005e-06 7.42882940190503e-07 1.2326517114714237e-06 
4.465590276104537e-06 3.916763552457501e-06 9.79814515934025e-07 1.4324939381589892e-06 2.4942518457845144e-06 3.8582273356710546e-07 7.708730083451838e-07 1.8324670526025946e-06 1.532584457695105e-06 5.984424638218132e-07 
2.604926494256772e-07 1.8444325261358105e-07 2.3746703980375597e-07 3.2609361745998697e-06 7.552512920942773e-07 1.2046650257119563e-06 3.6726230058074236e-07 2.338042285188213e-06 9.297059512947985e-07 2.066929189298581e-07 
2.86350598598898e-06 3.98539254733243e-06 8.159176174017979e-07 3.7752285148538495e-07 3.832193723361163e-06 2.803190031083708e-06 2.321139841499039e-06 1.5314603260624716e-06 3.0186378742999083e-07 1.8699342888486996e-06 
2.5494680810308614e-07 1.133643363842246e-06 1.451325231085911e-07 5.514920250774802e-08 1.653282276902866e-06 1.2749270805012917e-06 8.371209098423951e-06 4.17566908062619e-07 4.324452168543376e-06 6.072017564380661e-07 
1.9383139463353028e-07 1.8101445720170414e-06 3.394292631936466e-06 4.701950834329095e-09 8.927022785381871e-07 1.4640547143425206e-06 3.00299317175911e-06 1.2514306495903605e-06 1.3873844549053694e-06 1.7509008847454733e-06 
1.1183602322992103e-06 3.260861380826701e-06 6.46365175255989e-07 7.764653337908131e-07 1.2801299797943338e-06 3.4261373016971088e-06 5.1165373017366e-07 7.669039973450249e-06 1.2093653370397112e-06 7.226352620061806e-08 
2.5950536461852187e-06 1.0530032002271758e-06 1.950736178341971e-06 7.049033021457044e-07 1.4529758582326466e-07 9.837859605708985e-08 2.447300531719436e-06 1.1501553560615321e-06 2.567449713910351e-06 6.553142172207764e-07 
2.273393973113855e-07 9.069530524156831e-07 3.5090294245661964e-06 4.6519631269970456e-07 2.92895073453951e-07 9.010422721580883e-07 3.658477823116305e-07 9.891861691381218e-08 2.8670054884496245e-07 9.112122844450666e-07 
1.0705244469016822e-06 4.5627591683137603e-07 4.884710100862875e-06 9.05481745945742e-07 1.1505718892041068e-06 1.5933215083655632e-07 9.490893189625896e-08 3.9315844219017405e-08 1.0034249960420067e-06 1.6174383503461688e-06 
6.294474238917454e-07 1.82570339848866e-07 5.039721274235791e-07 8.645620637895575e-07 5.856266202522094e-07 2.059822613434839e-06 5.174648425589188e-06 1.6708793624117394e-07 9.600820719574494e-08 1.5691200122043305e-06 
3.1278335644621794e-06 2.390426179869997e-07 2.804865970353432e-06 1.5370780067575603e-06 5.628104195427255e-08 1.448621789539656e-07 1.7439750837814416e-07 2.4797310594552826e-06 2.852006945360237e-06 1.1675645588442932e-06 
1.899365001207276e-08 1.9700815060940914e-06 3.997973174956749e-07 3.8111351356338533e-06 9.598673839596784e-07 2.2692108851581777e-06 2.4989854500794686e-07 3.8269796834094065e-07 7.945524611833438e-07 3.392364144174281e-06 
3.9265256335887133e-07 2.9687040371819844e-06 1.166302555714135e-06 4.0899260777270167e-07 1.5685633131732085e-07 1.0613322394604654e-06 6.48766232077663e-08 7.801620147824068e-07 4.780652979876486e-07 1.080109812982608e-06 
4.81459786783173e-07 1.0061293286816153e-06 1.70051566188331e-06 3.4377056977359475e-06 9.165765044509251e-07 1.233489345585659e-06 1.1268409287580248e-06 1.502716588035004e-06 9.947948783187953e-07 4.0141332929685074e-08 
4.237060673875214e-06 1.0021124474318109e-06 2.855012954611555e-07 3.7642060480316306e-06 1.4838556477121851e-06 1.1817602641274759e-07 3.323392955132238e-06 4.325330026033269e-06 1.0556294211904314e-06 2.905638755031152e-06 
9.532216033338256e-07 1.9234165516241402e-07 2.97455533246807e-07 1.0987106729944132e-06 2.2842969509680255e-07 1.4186543721911528e-07 2.0562429784778914e-07 2.883771713319993e-07 2.436173392007002e-07 2.3444307152003357e-06 
1.321130246333993e-06 4.512078377139745e-07 2.2544470916849078e-07 5.178804541982741e-07 1.1419158081184673e-06 8.204540610749523e-07 2.70437824753465e-07 2.434951106102428e-06 6.709507988777055e-07 8.951485496563896e-07 
6.122916493829967e-07 1.439410998643802e-07 3.0028052467781413e-06 6.663611987099919e-07 6.93147304491648e-07 2.1713759650887187e-06 2.490436988826584e-06 4.714335079201732e-07 2.295635970162431e-06 1.0853757402909254e-06 
1.58723335340291e-06 1.29620727854727e-06 5.369512706849917e-07 1.2494119534699005e-06 3.7959001322364843e-07 2.565562252208945e-06 8.344849007323844e-08 1.9257088883754157e-06 2.7080925304458648e-06 2.558163253023862e-06 
1.6142156762054022e-06 2.616484403019042e-07 4.621510333344777e-06 4.1811386639245767e-08 2.1425928467801852e-06 6.198510638172835e-07 1.65199542442399e-06 2.034527189202417e-06 1.5297045433845237e-06 5.376134326104982e-06 
7.221993811732341e-08 1.029493242265602e-06 5.450950871013177e-07 3.9463891089463165e-07 3.1833292835140314e-06 3.953974820206113e-06 7.933415010867789e-07 1.977844400909912e-07 1.126408183341298e-06 7.743345725544288e-07 
6.285902071416561e-08 7.90012302470992e-06 2.5530889773901594e-06 3.877024451305601e-07 2.4515542101748438e-06 3.211244146762023e-07 3.798428649927713e-07 2.83274499076397e-07 8.801993258530642e-07 1.8805534304550012e-06 
2.2958326777836456e-06 3.044368127256999e-06 2.7296219309050333e-06 1.6817307983505942e-07 3.1014124502656873e-06 7.34993832740989e-07 1.0086920584091186e-06 4.1798813632655504e-07 2.4389670957130857e-06 3.454156300069069e-06 
9.224920643014466e-07 1.02870291438576e-06 3.213401940731093e-06 1.4442953552750507e-06 4.179743133105228e-06 1.8295274790951994e-07 7.606683590696715e-07 3.964286036446924e-06 1.2841519516603784e-06 1.513255436484329e-07 
1.0012782030686665e-06 3.4563229639444157e-06 2.1308919810412328e-08 4.903437835028919e-07 5.276884785529493e-07 1.5850162465183396e-06 2.1935959286034594e-06 4.4138381504280446e-07 1.6606963169704927e-06 1.30854377949281e-06 
1.141138566715212e-06 7.829551649344632e-07 1.7133788343299945e-07 4.343098754056021e-07 2.6291271093117635e-07 1.1192015965290298e-06 2.5944360265331074e-06 4.0929769805219386e-07 2.443166682268617e-06 1.5565863228977628e-06 
2.304017484285038e-07 2.0083723921839543e-06 1.5496688764800588e-07 7.653019191435497e-07 5.703834738638717e-07 6.224139644746587e-07 5.245904373009117e-07 1.8922991678851144e-06 1.1343668345859993e-06 1.0798789318424826e-06 
9.013602919530388e-07 8.042051085357038e-07 2.4202218363604635e-06 1.1922054018448555e-07 8.618818844284563e-06 2.4343239866444185e-08 3.5057043460555336e-07 2.2176991516832692e-06 1.1246831458464125e-06 6.395800415828943e-07 
3.925692888375737e-07 8.239906050049121e-07 3.9920916016261244e-07 7.528022766472793e-06 3.1718756692033116e-07 3.08181025494396e-07 1.3374492555632486e-07 1.6230609730648945e-07 1.4366079848541612e-06 1.343684726781054e-07 
3.829027181301937e-07 4.737512219796643e-07 3.719775337280035e-06 2.079587582982678e-06 3.019588060901188e-07 4.12384977017753e-07 4.495579714889009e-07 1.460150869371713e-07 6.797097927225909e-07 2.0817732727276133e-06 
2.399255324542934e-07 1.0853438394720116e-06 4.7305844889404324e-06 3.7207224051904484e-07 6.208118870868091e-07 6.506505127105813e-07 3.5849984271954722e-06 2.168280573642154e-06 1.1489774218125749e-06 3.985340724899833e-06 
8.863347519134091e-07 1.2929611598808835e-06 8.163866116595754e-07 4.78178840193217e-07 1.0559436192408167e-07 3.894822239533023e-07 1.4174608426074275e-06 3.3760812823615067e-06 2.5344365831949417e-06 1.0170783115342855e-06 
2.025683286058264e-06 1.912258338510984e-06 1.8735545354238048e-06 3.185086520045934e-06 1.8390862981297114e-06 1.7365243155819437e-07 1.2269627427198167e-06 1.0006966275602144e-06 4.777040824682936e-07 1.0908474681215562e-06 
1.904656532151733e-07 2.0296205827073317e-06 2.953645399742306e-07 5.037454559802753e-07 3.287805605499038e-07 1.4072188409469083e-06 6.3475885060161915e-06 3.2658776416047176e-06 7.283677877855872e-06 8.83626644126377e-07 
8.581526953174857e-07 4.14727949829564e-06 1.2105241066717718e-05 3.580666508177365e-07 2.0666142952830686e-07 1.100242883999332e-06 4.872503337931464e-07 2.4893552666771575e-06 2.3217604327168637e-07 1.4372828657076223e-06 
4.2078846963813915e-08 2.6537446461102807e-07 2.3687916482020867e-06 2.270272387833646e-06 2.0883521032410433e-06 1.451392812283041e-06 9.440904137368422e-07 2.99972250627557e-07 9.502910963577344e-07 1.0591943695968497e-06 
3.2931115883883197e-07 1.1818847562674621e-06 2.111189151610937e-06 1.0932432010458468e-06 5.05401044533603e-07 1.514866088085332e-06 5.312719465754049e-07 3.957556161310725e-07 1.967959744914063e-06 3.7304124368635706e-07 
2.2347011824364433e-06 2.3028076603661555e-08 1.9985915557058836e-06 2.091448615827172e-06 1.3667199347319505e-06 1.0768802616042993e-07 2.1643981034965574e-06 2.3234264846701183e-06 9.554165785870353e-07 3.458101374754506e-08 
2.62676054783537e-06 5.900539454523304e-07 7.330181402468882e-08 1.3191512541083717e-06 2.136855046789207e-07 7.365023791666137e-07 1.0956809381487632e-06 2.837213126944526e-06 1.3308991379719165e-06 3.4111056469589595e-07 
7.531751070278662e-06 1.3280719768669044e-06 1.2894373919576164e-06 1.2293860109283023e-06 2.900320835190678e-06 3.3702759972527722e-06 3.5962416415725786e-07 8.623597775000006e-07 1.1884727085731284e-06 3.5399523416038106e-06 
9.286870392736631e-08 8.353381453324209e-07 3.144270475194028e-06 5.022328552985049e-06 4.1602662609570015e-07 4.421931199672045e-06 7.684751113330895e-07 1.923070918426613e-06 4.285469047652979e-06 1.778682187125354e-06 
8.498887789884862e-07 4.985659386145249e-07 1.640825825359897e-06 2.122434050828441e-06 1.0266333720088602e-06 2.7376736392279173e-06 8.961894235918358e-07 1.1943129258141945e-06 2.0150002606332637e-06 1.185637936810921e-06 
3.406669862084627e-06 5.675158171284854e-07 2.1718539236592743e-06 5.114053913322059e-06 1.7808019536706696e-06 2.5197558281257703e-06 2.7287020718173043e-07 1.4209018537010098e-06 5.736910162936198e-07 2.310712277626748e-06 
7.972135150837401e-07 6.385657780684549e-07 1.124888673310213e-06 9.21603121743164e-07 2.9935494695853574e-06 1.7920719280362017e-06 3.015838531343742e-06 2.4936120810433937e-06 1.3680068402711578e-06 1.2604249389644655e-06 
1.1363552685147798e-06 5.90362255829164e-06 3.16670611893785e-07 6.472029321123935e-06 2.525986924511118e-07 7.111804551365378e-07 5.488262551059013e-07 1.0485044848144613e-06 8.515571362776017e-07 2.9685026285956012e-06 
1.820927842961585e-06 1.75820159742967e-07 3.791750173141822e-06 6.473492871305962e-07 4.993362650761289e-07 3.6630292170930597e-07 1.873277839980314e-07 9.876536458750316e-08 2.151756098565119e-06 7.468784474185808e-07 
7.014870297663186e-07 3.755646282379777e-06 1.2143121607604639e-06 4.637786455673145e-07 5.297234632783369e-07 1.267762763700276e-07 7.909628211865224e-08 4.3878523714231843e-07 8.22655975910036e-07 8.404130973009505e-07 
1.288829844717928e-06 3.2206026870609222e-06 1.232733338717288e-06 9.42787896911761e-07 1.6527354626542154e-06 2.9256302014092724e-07 3.170520717692478e-07 7.577412105690528e-07 2.667633199219163e-06 3.046901011548506e-06 
1.7113687485566073e-06 8.40789476415026e-07 7.3593030415573e-07 1.939338228810764e-06 3.022261892518342e-06 1.8898158067059268e-07 2.0066291031935743e-06 6.971916737485505e-07 1.1875383657864218e-06 3.9614705460502776e-07 
9.051921308712083e-07 7.595512254219564e-06 1.1170416056145136e-07 5.409246586438729e-07 1.1632375998038337e-06 8.497876812780764e-07 4.093219712004007e-06 2.3589214407640985e-06 1.1984052951580728e-07 4.1792888807363747e-07 
8.208224621944923e-07 3.859570762710026e-07 1.481138554362001e-06 2.867145219017801e-06 2.450633898220987e-06 1.6359181515946347e-06 6.009493193612095e-07 1.5820527598389255e-06 2.639148843268948e-06 7.298134151911218e-07 
4.260850298734286e-07 1.0829565695835153e-07 1.8262500393077033e-06 5.88548130866104e-07 7.347256273307948e-07 1.149396626615064e-07 1.4746277326290211e-06 8.532460826194695e-08 4.649357990894202e-06 1.2586280332127368e-06 
1.0368381338606396e-06 8.350391284574184e-07 5.203452774935677e-07 5.608110884712511e-07 5.928582272455298e-07 1.4636000544289553e-06 1.7626918322587102e-06 1.648688300414215e-07 3.529504229717943e-06 1.2898084279873667e-06 
7.309918061406496e-07 2.030240748111025e-06 5.4582478011014e-07 3.768964079519949e-07 9.176268240285546e-07 4.738154947108494e-06 1.8914804780196914e-08 1.279226744371568e-06 1.9412522426523986e-07 2.108247608957933e-06 
