2e-06 
3.924152518096288e-06 
1.5048021975232394e-06 
5.837930766676438e-06 
3.5423198548725397e-07 
1.7503382150620011e-07 
9.84662740635589e-07 
7.470263508901076e-06 
1.0604977804044684e-06 
1.1459279424955696e-06 
4.005698614553447e-08 
4.226299434724957e-06 
3.1820568508335566e-06 
2.6720617570619574e-06 
3.3164402348259204e-06 
1.5217330684523087e-06 
5.777244061701055e-07 
4.608128352613627e-07 
1.4248347311123252e-06 
2.1352035908368842e-06 
3.6673995476595337e-06 
1.4787103337972207e-07 
9.687477910201784e-07 
9.809650926202911e-07 
1.5891769848452621e-06 
7.850977139868453e-08 
1.8845866404080884e-06 
5.30957191526301e-07 
2.4784806989592726e-07 
9.167206408626296e-06 
1.1887020609000216e-06 
7.071039261739138e-07 
1.3662088923538152e-06 
1.6868089716496926e-06 
9.785900608305952e-07 
7.992551862832294e-09 
8.514672478327174e-07 
9.364722503998864e-08 
3.5981865602878545e-06 
1.5161598618414749e-06 
2.886631977284888e-06 
2.1970105382183403e-06 
1.8916014577103804e-06 
1.07290436734466e-06 
1.691224654498943e-06 
6.694074765890765e-06 
6.489655673088261e-06 
4.62023941441715e-07 
2.576121933374933e-06 
1.0111195012601e-06 
3.937651965449922e-06 
4.662499297604707e-06 
5.749872264996561e-07 
4.771287019526051e-07 
2.234353242917381e-06 
1.3402058330069559e-07 
5.1694694418163165e-09 
7.835665124957613e-06 
4.791723902065226e-07 
1.6929588415164976e-06 
1.3359446374463803e-07 
1.3234399367766614e-06 
5.2963836716508326e-06 
1.4863938464244262e-06 
6.132369438006252e-07 
2.0130230302927477e-06 
1.7878562756066486e-08 
6.609531183462118e-07 
7.60706586882863e-07 
2.23281340620956e-06 
2.587638903780137e-06 
3.181491825523325e-06 
2.1058829437085186e-06 
9.167659880999321e-08 
4.135583136643024e-06 
3.2661573771340163e-06 
7.893489368714373e-07 
4.6177438273967184e-07 
4.231685308813168e-06 
5.905100275954629e-06 
1.8414515337141332e-06 
2.8561332634382452e-06 
4.602711046483723e-06 
1.814341547696098e-06 
8.58912213861429e-07 
3.0241364327083207e-06 
1.1453323400094923e-06 
2.477755284392031e-06 
7.468302607601046e-07 
3.312744712962575e-06 
4.268005926616015e-07 
1.5927579223768639e-06 
1.6124979550376442e-06 
1.4260550011127976e-06 
1.3394009685329243e-06 
3.7006481121046567e-07 
1.4985647616774605e-06 
3.3472519666653513e-06 
4.735993521070053e-06 
2.118917432105381e-06 
2.1311052488890475e-07 
8.33816993779568e-08 
7.695528447018974e-07 
3.5266098842481023e-07 
1.9874327846461533e-06 
4.15562876342422e-07 
6.654632241871914e-07 
7.395045387873268e-08 
1.0068323389773374e-06 
3.376952084799992e-06 
4.794877643878329e-07 
2.5618137618343423e-06 
1.8443275892241107e-08 
4.256541857108869e-07 
9.695863813531761e-07 
2.385689388516575e-06 
5.7171645738101466e-06 
3.4451410767198626e-07 
1.1667306821975299e-06 
1.0242453593209548e-08 
3.5987035068253046e-06 
5.315657744859992e-07 
2.492927202775046e-07 
1.752537034336905e-06 
3.0858687145557283e-06 
9.481617891087264e-07 
8.660052172317742e-07 
7.453768072374318e-06 
4.049600611495432e-06 
2.287146020497048e-06 
1.6929710986596363e-06 
3.5468582252200023e-06 
2.342146549668859e-06 
5.384517022837765e-06 
1.721778381636039e-06 
3.0427585934376423e-07 
7.199371309314758e-07 
2.787056771092796e-06 
2.7953914644339417e-06 
2.9799113698063628e-06 
1.445461229712524e-06 
1.3090646867871944e-06 
1.1062678652859699e-06 
3.5869895285243285e-06 
2.0241615563184873e-06 
3.3526830391685965e-06 
1.3627591584647797e-06 
1.5999417765602657e-07 
8.017477026643179e-08 
2.3415733637313996e-06 
1.060307851231972e-07 
6.113843924363456e-07 
1.2725528052477234e-06 
3.278568484999445e-06 
5.106823853814889e-06 
2.7441650129919066e-06 
3.111644671331424e-06 
1.239444513509378e-06 
4.227849812082438e-09 
1.545510339925749e-06 
3.7391143188880204e-07 
8.450840017900461e-07 
1.9267361453465757e-06 
3.1443574499797093e-06 
3.063932464516302e-06 
1.3222988645791121e-06 
3.457867881873778e-06 
2.2133336955946192e-06 
5.723975108721053e-07 
4.364644245808801e-07 
6.921746526035811e-08 
1.2841602762000912e-06 
3.3965006587701084e-07 
1.2590071758635738e-06 
5.702963482464277e-08 
4.6742634367408774e-07 
6.203489482512301e-06 
9.35666725468942e-06 
9.169015858081578e-07 
9.423368156363191e-09 
4.90241507422727e-07 
4.096377621025043e-06 
6.450627543560385e-06 
6.868670842247552e-07 
1.7222374950550716e-07 
1.695582446485427e-06 
2.160376312541901e-06 
6.863809277943541e-06 
4.4393860878502455e-07 
7.575395557467599e-07 
2.5256469284424845e-06 
6.145260870192077e-07 
1.5559391741645717e-06 
9.25309390111573e-06 
1.054431144099049e-06 
5.438488262053768e-07 
1.2990693561499655e-06 
3.442958922296012e-07 
2.6986072512172504e-06 
3.4330953272204813e-06 
5.469090343542756e-06 
1.432674609866266e-06 
5.813244110306425e-07 
5.19807635662548e-07 
5.58300744128919e-06 
2.6946120163856757e-06 
4.322215735620454e-06 
1.5386887294354758e-06 
1.2810135306384507e-06 
1.046019288724206e-06 
2.7786560366951273e-06 
3.2121991709516103e-06 
1.9672012852984173e-07 
5.514953003287195e-06 
2.9408669415869607e-06 
4.5707176745140385e-06 
4.0432354450442967e-07 
2.2092710957737676e-06 
1.955370337025492e-06 
7.023535470987895e-06 
6.9059493589823184e-06 
5.559312952736001e-06 
4.7405380861610405e-06 
2.8530957194322284e-07 
3.6015023217441e-06 
3.702316055083974e-07 
8.094230800369378e-07 
1.0521668253599235e-05 
2.6566393221669542e-06 
3.6807353782649803e-06 
2.5653746684688345e-06 
3.1333110668581497e-06 
2.240757152053159e-05 
4.004111225091451e-06 
1.062213414474545e-06 
1.1029248687894477e-06 
1.7968275198275786e-07 
7.719211813378966e-07 
6.900615860208574e-07 
1.583277662489475e-06 
1.6372090648129105e-06 
4.181667389473973e-06 
2.0546600421026317e-06 
6.480211743021001e-06 
2.0499624629391857e-06 
1.294275468715576e-06 
2.6419171595611536e-06 
5.655898577524587e-06 
2.144326219481388e-07 
3.5261609450783147e-07 
6.378186014509974e-06 
1.3023398726347138e-06 
2.185167902469064e-07 
7.705694311693099e-07 
2.10174320237553e-06 
4.567411129307067e-06 
1.5386617015744964e-06 
1.531151098110804e-07 
1.3282407018155712e-06 
1.0122057070084334e-06 
2.2811716770864706e-06 
3.576220719347498e-07 
4.192477342545601e-06 
4.228715463593988e-06 
1.473259896425417e-06 
3.138144856812105e-07 
6.559127883221777e-07 
2.7894735478615994e-06 
5.835753445176785e-06 
4.98259063584687e-07 
2.546978975992208e-07 
2.660419748163429e-06 
2.135392640794805e-06 
4.689854887511688e-07 
5.49675645583461e-07 
1.8595487832995237e-06 
2.4376346662385405e-06 
1.985293230952936e-06 
4.745827930352072e-06 
1.983073930035922e-06 
5.4281350310713815e-06 
2.2867540770866862e-06 
1.7827505997237704e-07 
2.376007357173686e-06 
1.2410507078287632e-06 
3.91511627621873e-08 
6.510403119736363e-07 
2.3262865040953787e-06 
6.418895395036476e-07 
8.405666419623604e-07 
6.3375267936517825e-06 
2.174385481170702e-06 
8.864358695683729e-07 
1.0842513373745314e-06 
7.174338012587557e-06 
2.532941361620174e-07 
2.5243614136171724e-06 
3.907774731922359e-06 
2.1711561326860435e-06 
1.095316325687587e-06 
7.08320513357483e-08 
2.3281567082612513e-06 
2.9221098025521585e-06 
1.7141058111525627e-06 
3.0704553425889777e-06 
3.4779038580124874e-06 
2.447667919193524e-06 
4.702138325598336e-06 
1.7023784249912802e-06 
2.525789895932674e-06 
4.84263834348607e-06 
3.855021835180534e-06 
3.291209248169851e-06 
3.123071280591225e-07 
3.154255046061239e-07 
4.711992783419129e-06 
1.2567032341628127e-06 
3.732745646166761e-06 
3.085569174156955e-06 
3.2688443643682916e-06 
2.2197207240900632e-07 
4.573840785492856e-06 
1.8105381800843148e-06 
4.6678190298341353e-07 
2.3839402862824973e-06 
2.1435607225127895e-07 
8.712191498224562e-07 
3.176166888608319e-07 
2.1420370474597994e-06 
3.263411774020187e-06 
4.9675978632792795e-06 
9.852024975893771e-07 
2.424308184315698e-07 
6.039329393078759e-07 
1.4026219902533034e-06 
5.294803370923608e-07 
2.7788720649752564e-06 
4.112816765111339e-06 
1.1804713773805221e-06 
1.1996983186881105e-08 
1.1471534610773503e-06 
2.818446109703523e-07 
2.2704916048470877e-06 
7.937534146227288e-06 
1.5707495419831353e-06 
1.8093647052280528e-06 
5.36993771624949e-07 
4.550156274055206e-06 
1.9519379323450917e-06 
4.5122632485130946e-07 
5.401447051630899e-06 
8.286981484782969e-08 
8.045241664679895e-07 
5.105743483020126e-07 
2.204326595219652e-06 
1.0809032367165526e-06 
3.539232592014813e-06 
8.87675926733373e-06 
3.529149772703365e-07 
6.803909226824616e-07 
1.4958489905486124e-06 
2.7040036263880627e-06 
6.527030802035854e-07 
3.726180027506244e-07 
9.074673297183074e-07 
4.3698454363718175e-07 
4.64611380958056e-06 
2.292850390991027e-07 
8.134791446443767e-07 
9.81332894928948e-07 
1.5746897204901176e-08 
1.540380676448117e-06 
2.725328092037247e-06 
6.358801667087409e-06 
1.0705083101008679e-07 
1.6177327118588673e-07 
4.128487962504732e-07 
3.971683700402421e-06 
1.5390301721201916e-06 
7.398114754196695e-07 
2.797346931281531e-06 
3.1864012182578136e-06 
2.920001359806198e-06 
1.278090273122152e-06 
7.253331716375739e-07 
2.201573586886119e-06 
4.357580897937844e-07 
9.953010011993614e-07 
2.7735220949829704e-06 
5.362492515388264e-06 
5.228160550267173e-07 
2.212313237182859e-06 
1.0030703731663289e-06 
4.13924947832012e-06 
1.0002900640378396e-06 
1.5116725014979156e-06 
2.9399612898960324e-06 
1.772027923100298e-06 
1.4873803464425188e-06 
2.444983664018764e-06 
2.4096228033495756e-06 
1.6420757755617309e-06 
1.2367122752083132e-07 
4.530848675646072e-06 
2.696149120667467e-06 
3.0075466301360538e-06 
9.82864444936791e-08 
1.4506568632232938e-06 
1.487904429287341e-06 
1.2804639948837469e-07 
2.822934338153123e-07 
4.956112233014584e-06 
3.5521804482421695e-06 
5.245251185566452e-07 
2.7494921793405434e-07 
5.045043140423743e-06 
3.037019118535319e-06 
2.692414845076872e-06 
5.394527031634478e-06 
4.9676256398235354e-06 
1.5106932975243305e-06 
7.056950046856788e-07 
6.567843310159539e-06 
1.691900749122094e-06 
6.330046887971511e-08 
1.8665357442500205e-06 
2.396762651319952e-06 
2.498262355653778e-06 
1.9431082757113244e-06 
1.0781104462873446e-06 
3.684889133130722e-06 
2.1274045930554644e-07 
4.2967789647007466e-06 
5.948681613861449e-07 
1.2122447334581127e-06 
4.336937933586336e-07 
1.8563549746684401e-06 
1.727184250947311e-06 
4.330363647726697e-06 
2.4371936992911437e-06 
1.3750080106122894e-06 
2.1670602180679891e-07 
7.046635010284896e-07 
8.731453172939866e-07 
3.2267365862694292e-06 
6.853255898202756e-06 
6.716685224385508e-07 
2.8308279994060368e-06 
2.5148029795805584e-06 
2.4627223082471796e-06 
6.501408378156368e-06 
5.502046920032992e-07 
2.851574019794411e-06 
4.9522402293848705e-06 
2.9085314801360555e-06 
1.1767648983611946e-06 
4.696652395876464e-06 
7.569372859592983e-06 
1.1648815130933864e-05 
1.2822942208350597e-06 
6.70355351814827e-07 
2.623665891638582e-06 
6.720235959751196e-06 
5.326540358251892e-07 
3.8149198483803847e-07 
2.6009489317159297e-06 
3.709853496250854e-06 
5.762344404724889e-07 
3.360340718594667e-06 
2.813255062215792e-06 
2.8591518584492397e-06 
1.1557779572803107e-06 
8.002635768052051e-08 
4.850338894893323e-07 
6.099414193334637e-07 
7.26693899087203e-07 
1.4841368583704456e-06 
2.3522686147953912e-06 
9.358542719503551e-07 
3.2420776647233574e-06 
2.206676025403502e-06 
1.336461447225919e-06 
9.744360046135732e-07 
1.7899180424769687e-06 
7.482408875114338e-07 
2.189581664524259e-06 
4.103133631910425e-06 
1.5935375396596383e-06 
1.1153627021847792e-07 
4.367432928701954e-06 
6.29789366467737e-06 
6.826704790373362e-09 
2.702915841802016e-06 
7.173045701111094e-07 
2.5140793545231433e-06 
2.6766447227933024e-06 
7.206888157952773e-07 
6.4131709397332125e-06 
2.4676949789960744e-07 
3.7037682347266146e-07 
1.3795670258181748e-06 
2.1516073468870595e-06 
1.6094600085768942e-06 
1.9007262445658805e-06 
6.274715339540344e-07 
1.3679675739996836e-06 
2.21847935393183e-06 
2.444127399467131e-06 
5.136529339592729e-07 
1.1998852974444474e-06 
4.735513728947236e-07 
1.0375775729671061e-07 
3.083669748528289e-07 
8.002617210716135e-07 
7.467776590356625e-07 
2.4405321809788307e-07 
1.2007477314685475e-07 
2.442414641406965e-07 
8.760347408098838e-06 
1.1774501903652932e-05 
1.6117160680625267e-06 
1.766604982908637e-07 
6.776537565354557e-07 
1.201775770358368e-06 
5.233127044037087e-06 
6.684724791913771e-07 
1.2447290031913972e-06 
2.2135460889299676e-06 
3.7481306388273933e-06 
2.120409046904688e-06 
2.912679166397096e-06 
4.415863348788204e-06 
2.640896283262553e-06 
1.0710539833225877e-06 
1.1056270370762846e-06 
1.3330015823555906e-06 
6.358743835593817e-07 
4.590912334786513e-07 
3.520209240807682e-07 
1.8067520653692425e-06 
3.026492756159605e-08 
2.82768005885912e-06 
4.000632517198535e-08 
5.032435271519135e-06 
4.25016415813042e-06 
6.701993649349113e-08 
3.052213232626598e-06 
4.2216864286003763e-07 
9.16286297461482e-06 
2.575831673120063e-07 
7.726965757102843e-09 
5.3081151491853484e-06 
3.3404771450029007e-06 
2.120566944523599e-06 
9.963688884136052e-07 
7.940008742394975e-07 
2.302938038232295e-07 
1.4630580599500735e-06 
3.2946234234509215e-06 
7.674517301772996e-06 
5.857810912833201e-06 
4.759476877211629e-08 
8.564744841737768e-06 
4.5277893245394235e-06 
9.507105453977139e-07 
2.412100105619611e-06 
2.1717452262542232e-06 
3.0421336722406194e-06 
1.6964894809993116e-06 
5.7960200210851376e-06 
1.083136579037722e-05 
3.8614806561793554e-07 
8.005880135911474e-06 
1.0207309563687584e-06 
2.7550207409470618e-06 
7.426896146125318e-06 
1.5306440797943483e-06 
8.274344958942637e-07 
6.513781299104156e-07 
1.8941064754129399e-06 
6.563378903230531e-07 
1.1997602414405173e-06 
5.990793128004706e-07 
1.204562341392396e-06 
5.175859661946014e-06 
7.245732696424101e-06 
3.1581259364507557e-06 
3.61126172833033e-07 
2.4253092789125174e-06 
4.2349929088842315e-06 
9.71561007480679e-07 
5.811628142889761e-07 
2.291676850243797e-06 
1.0511512098740702e-06 
1.2522411864052146e-07 
1.9059899824932417e-07 
1.1631740826323966e-06 
3.1006526658207744e-06 
4.594163159502385e-06 
7.860488522361992e-06 
7.490498184276798e-06 
2.324789719958451e-06 
2.6780368614512553e-06 
1.2679120792376155e-06 
7.334470247732308e-06 
5.072161565832694e-07 
2.2353492042560934e-06 
1.4312812862649255e-06 
6.614369647414471e-07 
1.3945643739760867e-06 
1.1271812982539895e-05 
4.796526618184495e-07 
2.11894414085563e-06 
3.53472444641405e-06 
9.243592217495972e-06 
6.8134857202230025e-06 
2.129982042269365e-06 
3.6870248871838385e-06 
1.0877179333750727e-06 
1.8838819609889123e-06 
1.7982188330977747e-06 
4.553625136745892e-06 
1.72206997506845e-06 
4.1775363171674396e-07 
5.4482454966810285e-08 
7.41908934334249e-07 
7.05316480556602e-06 
1.4443703775103199e-06 
3.2310510881562012e-06 
5.373917524225729e-07 
1.0316290368024122e-06 
1.3919484175548645e-06 
1.1839410086100724e-06 
1.8170147367596389e-06 
4.520265347630402e-06 
3.2884344998467124e-06 
2.2933167399167586e-06 
4.893928867646167e-06 
3.7575314775903428e-06 
1.2425912132514118e-06 
8.896778291641775e-08 
2.449323719633255e-06 
1.1848547008170445e-06 
4.158877957422174e-07 
2.5985643852305385e-06 
2.9723936680176496e-06 
2.9275750022025682e-06 
2.2439086004528332e-06 
3.07083262917823e-06 
6.397912903541344e-07 
1.2167437156309803e-06 
4.529728898239209e-06 
2.9384735290679874e-06 
7.453981095029895e-06 
1.4960065702541375e-06 
2.609349352451362e-07 
2.139349432431171e-06 
3.068572746864023e-06 
8.221427816207939e-06 
2.5057992023463578e-06 
7.139604633759744e-06 
5.308718078287115e-07 
1.7122363047635543e-06 
2.406143789409483e-06 
3.7944985224308535e-07 
1.7080682052394183e-06 
3.0020152689622045e-07 
3.740233586582238e-06 
2.20315102073909e-06 
4.158319765058996e-06 
3.954506482894022e-06 
9.916708705831758e-07 
1.4626539322446178e-06 
2.480382270140215e-06 
7.670495690072594e-07 
1.6693822752676783e-06 
2.3014116179801994e-06 
7.192587054147878e-06 
1.0331247220758649e-07 
1.726198489520907e-06 
4.113932679068747e-07 
1.4592068123036774e-07 
1.8096118107297314e-06 
1.6574188572809194e-06 
8.66047243166419e-07 
4.82566370203385e-07 
6.087463168539425e-06 
6.798611827764181e-07 
2.6204201484503845e-06 
5.981836477745615e-06 
7.689881291255295e-06 
2.9205300899549856e-06 
1.0352979927100298e-06 
4.525163630305584e-07 
4.929651430613456e-06 
1.710582035668578e-06 
8.976198748049159e-07 
4.0644276966630905e-06 
1.4574023640037995e-06 
3.4098522401096816e-06 
1.0294848771082388e-05 
9.529897260294844e-07 
6.253709086908182e-06 
5.818904161826134e-06 
2.7530479469917733e-06 
7.642278994999081e-07 
2.8317308943927124e-06 
4.850938913271431e-06 
5.928485846200333e-06 
4.260966190173666e-06 
1.8405124075138244e-06 
3.1112735510368625e-07 
4.3621642716959024e-08 
1.8882163319147594e-06 
7.162852210575028e-06 
5.88718596120113e-07 
4.6104339905801816e-07 
9.275192017063377e-07 
4.3267893839593215e-07 
1.7874255702858967e-06 
4.399971752679887e-07 
1.265051133348558e-07 
1.139699164026173e-06 
1.3673964076693725e-06 
1.7762983142468746e-06 
2.346945909244991e-07 
5.310700403962956e-06 
9.206241109476345e-08 
4.170613309616682e-06 
2.512131811615116e-06 
1.800838300096543e-06 
2.459776311638511e-06 
1.1146385998542315e-07 
1.6407168128486264e-06 
8.632178502618473e-07 
1.6973432562393433e-07 
4.280856622219971e-06 
4.144796497391726e-06 
1.8421255041362536e-06 
4.549459094874717e-07 
6.316675201762909e-06 
2.2605057922732397e-06 
8.41147839213678e-06 
3.3291909861053304e-07 
5.578212841874487e-07 
2.3731510053563646e-06 
2.5453080981393004e-06 
3.878556478016177e-06 
3.7978471415624037e-06 
2.8663115340233007e-06 
6.4510720986125735e-06 
1.3770295772787504e-06 
7.572086336271691e-06 
3.3428974749841068e-06 
3.3661775412048717e-07 
3.886629866066412e-06 
6.062438831986062e-06 
4.5881344741000156e-07 
6.526213521767386e-06 
2.2833592930268684e-06 
1.944255424382977e-06 
3.058236880423999e-06 
2.8553710846873854e-06 
2.677360739878723e-06 
2.281774809228839e-06 
5.217178275438087e-07 
3.5548678803255067e-06 
1.4864896315314819e-06 
2.6900925720789973e-06 
6.134899965171088e-07 
3.160074683514627e-06 
6.10548293536647e-08 
2.526860083548213e-09 
3.88284967103173e-06 
7.022821757000312e-07 
3.6515684110051273e-06 
1.5836826482597942e-06 
1.8131264018996507e-08 
3.30523766531819e-06 
4.597238446949511e-07 
2.5169406421903197e-06 
1.0325961890817672e-06 
1.8217466305299995e-06 
2.497293806083115e-07 
2.0879369113147703e-06 
2.8749420695073726e-06 
3.745409588161211e-07 
1.3941844238399372e-06 
4.696066276361938e-06 
3.9704764490413276e-07 
1.8985387816836476e-08 
4.6522505121892995e-06 
4.1179627144460124e-07 
9.154229906215179e-06 
5.949834251183368e-06 
2.931133763493671e-07 
3.8154666930017494e-07 
3.7522516989272867e-06 
1.0548163509885136e-05 
8.80144309889615e-07 
6.959681153332045e-06 
